1515 1110
359
0 44.0 391.0
1 27.31157868399506 601.2618390785112
2 21.748771578660076 671.3491187713482
3 16.185964473325097 741.4363984641853
4 -6.065263948014824 1021.7855172355336
5 -11.628071053349807 1091.8727969283707
6 -17.190878158684782 1161.9600766212077
7 -28.316492369354748 1302.134636006882
8 13.168831521246119 459.08173716351854
9 -3.5195897947588293 669.3435762420297
10 -9.082396900093805 739.4308559348668
11 -31.33362532143373 1019.7799747062151
12 -42.45923953210368 1159.9545340918892
13 -48.02204663743866 1230.0418137847262
14 -53.584853742773646 1300.1290934775634
15 -6.536722746837803 386.98891494136296
16 -17.662336957507762 527.1634743270371
17 -23.225144062842745 597.2507540198742
18 -28.787951168177727 667.3380337127112
19 -39.91356537884769 807.5125930983853
20 -45.47637248418266 877.5998727912224
21 -51.03917958951766 947.6871524840595
22 -56.60198669485263 1017.7744321768965
23 -67.72760090552259 1157.9489915625707
24 -73.29040801085756 1228.0362712554077
25 -78.85321511619256 1298.1235509482449
26 -31.805084120256694 384.98337241204445
27 -37.36789122559168 455.07065210488156
28 -42.93069833092666 525.1579317977186
29 -48.49350543626164 595.2452114905557
30 -65.18192675226658 805.5070505690668
31 -70.74473385760156 875.5943302619039
32 -81.87034806827151 1015.768889647578
33 -87.43315517360651 1085.8561693404151
34 -92.99596227894148 1155.9434490332521
35 -57.07344549367561 382.9778298827259
36 -68.19905970434557 523.1523892684
37 -73.76186680968055 593.2396689612372
38 -79.32467391501552 663.3269486540742
39 -84.88748102035052 733.4142283469113
40 -90.45028812568549 803.5015080397483
41 -96.01309523102049 873.5887877325854
42 -112.70151654702542 1083.8506268110966
43 -118.26432365236039 1153.9379065039336
44 -129.38993786303035 1294.1124658896078
45 -82.34180686709452 380.9722873534074
46 -93.46742107776447 521.1468467390816
47 -110.15584239376943 731.4086858175928
48 -115.7186494991044 801.4959655104298
49 -126.84426370977437 941.670524896104
50 -132.40707081510934 1011.757804588941
51 -137.96987792044433 1081.845084281778
52 -149.09549213111427 1222.019643667452
53 -154.65829923644927 1292.1069233602893
54 -113.17297534584836 449.054024516926
55 -124.29858955651832 589.2285839026001
56 -157.67543218852822 1009.7522620596225
57 -168.80104639919819 1149.9268214452966
58 -138.44133671926727 447.0484819876075
59 -144.00414382460227 517.1357616804446
60 -149.56695092993724 587.2230413732816
61 -177.38098645661216 937.659439837467
62 -182.94379356194713 1007.746719530304
63 -194.06940777261707 1147.921278915978
64 -199.63221487795207 1218.008558608815
65 -205.19502198328706 1288.0958383016523
66 -158.1468909873512 374.95565976545186
67 -185.9609265140261 725.3920582296372
68 -197.08654072469608 865.5666176153113
69 -208.21215493536604 1005.7411770009854
70 -213.77496204070104 1075.8284566938225
71 -219.337769146036 1145.9157363866595
72 -183.41525236077013 372.95011723613334
73 -188.9780594661051 443.03739692897045
74 -194.5408665714401 513.1246766218076
75 -211.22928788744503 723.3865157003187
76 -227.91770920345 933.6483547788299
77 -233.48051630878496 1003.7356344716669
78 -244.6061305194549 1143.910193857341
79 -255.7317447301249 1284.0847532430153
80 -208.68361373418904 370.9445747068148
81 -214.24642083952403 441.03185439965193
82 -219.809227944859 511.119134092489
83 -230.93484215552894 651.2936934781632
84 -242.06045636619893 791.4682528638372
85 -247.6232634715339 861.5555325566743
86 -253.18607057686887 931.6428122495114
87 -258.74887768220384 1001.7300919423484
88 -281.00010610354377 1282.0792107136967
89 -250.64039642361286 579.2008712560075
90 -256.2032035289478 649.2881509488446
91 -261.7660106342828 719.3754306416818
92 -272.89162484495273 859.5499900273558
93 -278.45443195028776 929.6372697201929
94 -284.0172390556227 999.7245494130299
95 -289.5800461609577 1069.811829105867
96 -264.78314358636175 437.0207693410149
97 -270.3459506916967 507.10804903385196
98 -281.4715649023667 647.2826084195261
99 -287.0343720077017 717.3698881123632
100 -292.59717911303665 787.4571678052002
101 -298.1599862183716 857.5444474980372
102 -303.72279332370664 927.6317271908744
103 -309.2856004290416 997.7190068837114
104 -320.41121463971155 1137.8935662693855
105 -325.97402174504657 1207.9808459622225
106 -331.53682885038154 1278.0681256550597
107 -284.4886978544457 364.9279471188593
108 -301.1771191704507 575.1897861973705
109 -306.73992627578565 645.2770658902076
110 -312.3027333811206 715.3643455830447
111 -317.8655404864556 785.4516252758817
112 -328.9911546971256 925.6261846615558
113 -334.55396180246055 995.7134643543928
114 -340.1167689077955 1065.80074404723
115 -351.24238311846545 1205.975303432904
116 -356.8051902238005 1276.0625831257412
117 -315.31986633319957 433.00968428237786
118 -320.88267343853454 503.0969639752149
119 -326.44548054386956 573.184243668052
120 -343.13390185987447 783.4460827465632
121 -354.25951607054446 923.6206421322373
122 -370.94793738654937 1133.8824812107484
123 -376.51074449188434 1203.9697609035854
124 -351.7138419172885 571.1787011387335
125 -362.83945612795844 711.3532605244077
126 -368.4022632332934 781.4405402172447
127 -373.9650703386284 851.5278199100817
128 -385.0906845492984 991.7023792957558
129 -401.77910586530334 1201.964218374267
130 -360.2937819747024 358.91131953090377
131 -365.8565890800374 428.9985992237408
132 -371.41939618537236 499.08587891657794
133 -388.1078175013773 709.3477179950892
134 -393.6706246067123 779.4349976879262
135 -399.23343171204726 849.5222773807632
136 -415.9218530280522 1059.7841164592744
137 -421.4846601333872 1129.8713961521114
138 -427.0474672387222 1199.9586758449484
139 -432.6102743440572 1270.0459555377856
140 -385.5621433481213 356.90577700158525
141 -391.1249504534563 426.9930566944223
142 -396.68775755879125 497.0803363872594
143 -402.2505646641263 567.1676160800964
144 -407.81337176946124 637.2548957729335
145 -413.3761788747962 707.3421754657707
146 -418.9389859801312 777.4294551586077
147 -424.50179308546615 847.5167348514447
148 -430.0646001908012 917.6040145442819
149 -441.1902144014711 1057.7785739299559
150 -446.7530215068061 1127.8658536227929
151 -452.3158286121411 1197.9531333156299
152 -410.83050472154025 354.90023447226673
153 -416.3933118268752 424.9875141651038
154 -421.9561189322102 495.0747938579409
155 -427.5189260375452 565.1620735507779
156 -433.0817331428802 635.249353243615
157 -438.64454024821515 705.3366329364521
158 -444.2073473535501 775.4239126292891
159 -455.3329615642201 915.5984720149634
160 -460.8957686695551 985.6857517078004
161 -472.021382880225 1125.8603110934744
162 -477.58418998556 1195.9475907863114
163 -447.2244803056291 493.0692513286224
164 -463.91290162163403 703.3310904071336
165 -480.601322937639 913.5929294856448
166 -486.16413004297397 983.6802091784818
167 -491.72693714830893 1053.7674888713188
168 -497.2897442536439 1123.8547685641558
169 -502.85255135897887 1193.9420482569928
170 -508.41535846431384 1264.02932794983
171 -466.93003457371304 420.97642910646675
172 -472.49284167904807 491.06370879930387
173 -478.05564878438304 561.1509884921409
174 -489.181262995053 701.3255478778151
175 -494.74407010038794 771.4128275706521
176 -500.3068772057229 841.5001072634891
177 -511.43249141639285 981.6746666491633
178 -516.9952985217279 1051.7619463420003
179 -528.1209127323979 1191.9365057276743
180 -533.6837198377328 1262.0237854205116
181 -486.6355888417969 348.8836068843112
182 -497.76120305246684 489.05816626998535
183 -503.3240101578018 559.1454459628224
184 -514.4496243684719 699.3200053484966
185 -525.5752385791418 839.4945647341706
186 -547.8264670004817 1119.843683505519
187 -553.3892741058166 1189.930963198356
188 -511.9039502152158 346.87806435499266
189 -517.4667573205508 416.9653440478297
190 -528.5923715312207 557.1399034335038
191 -534.1551786365557 627.227183126341
192 -539.7179857418907 697.3144628191781
193 -545.2807928472257 767.4017425120151
194 -550.8435999525607 837.4890222048521
195 -556.4064070578956 907.5763018976893
196 -561.9692141632306 977.6635815905263
197 -567.5320212685656 1047.7508612833635
198 -573.0948283739006 1117.8381409762005
199 -584.2204425845705 1258.0127003618745
200 -537.1723115886347 344.87252182567414
201 -542.7351186939696 414.95980151851126
202 -553.8607329046396 555.1343609041853
203 -559.4235400099745 625.2216405970224
204 -564.9863471153096 695.3089202898595
205 -570.5491542206446 765.3961999826965
206 -576.1119613259796 835.4834796755335
207 -581.6747684313145 905.5707593683708
208 -587.2375755366495 975.6580390612078
209 -598.3631897473194 1115.832598446882
210 -603.9259968526544 1185.919878139719
211 -609.4888039579894 1256.007157832556
212 906.0 240.0
213 807.573293326789 278.3565474955676
214 758.3599399901835 297.5348212433514
215 709.146586653578 316.7130949911352
216 659.9332333169725 335.891368738919
217 610.7198799803671 355.06964248670283
218 512.293173307156 393.42618998227044
219 887.1188079453832 191.54898776499425
220 788.6921012721723 229.90553526056186
221 690.2653945989613 268.2620827561295
222 641.0520412623557 287.4403565039133
223 591.8386879257503 306.618630251697
224 542.6253345891448 325.79690399948083
225 493.4119812525393 344.97517774726464
226 345.7719212427228 402.50999899061605
227 536.0 634.0
228 436.0 860.0
229 215.0 1140.0
230 440.0 958.0
231 657.0 1290.0
232 636.0 742.0
233 879.0 394.0
234 843.0 1176.0
235 350.0 557.0
236 -455.0 240.0
237 437.0 1288.0
238 72.0 1274.0
239 134.0 657.0
240 410.0 1103.0
241 836.0 1296.0
242 450.0 575.0
243 -364.0 233.0
244 358.0 754.0
245 502.0 946.0
246 333.0 641.0
247 187.0 918.0
248 712.0 862.0
249 268.0 1101.0
250 463.0 1057.0
251 437.0 766.0
252 218.0 615.0
253 219.0 272.0
254 105.0 195.0
255 137.0 744.0
256 292.0 494.0
257 904.0 886.0
258 877.0 483.0
259 184.0 488.0
260 145.0 311.0
261 752.0 1293.0
262 -584.0 196.0
263 610.0 488.0
264 367.0 1051.0
265 760.0 674.0
266 538.0 532.0
267 192.0 1296.0
268 460.0 1148.0
269 487.0 201.0
270 654.0 887.0
271 272.0 1220.0
272 685.0 495.0
273 313.0 872.0
274 665.0 798.0
275 724.0 929.0
276 854.0 782.0
277 -189.0 297.0
278 723.0 1107.0
279 231.0 804.0
280 550.0 243.0
281 541.0 998.0
282 -530.0 251.0
283 197.0 411.0
284 -55.0 206.0
285 753.0 458.0
286 671.0 424.0
287 146.0 867.0
288 -308.0 290.0
289 719.0 760.0
290 105.0 797.0
291 691.0 1160.0
292 802.0 989.0
293 62.0 1025.0
294 363.0 952.0
295 572.0 1223.0
296 268.0 682.0
297 253.0 1001.0
298 -300.0 191.0
299 568.0 854.0
300 836.0 849.0
301 633.0 951.0
302 130.0 1124.0
303 108.0 568.0
304 817.0 440.0
305 469.0 1215.0
306 337.0 274.0
307 814.0 1053.0
308 900.0 716.0
309 143.0 1006.0
310 775.0 829.0
311 439.0 684.0
312 42.0 314.0
313 804.0 718.0
314 205.0 686.0
315 269.0 332.0
316 513.0 754.0
317 67.0 1158.0
318 892.0 592.0
319 733.0 1004.0
320 412.0 260.0
321 544.0 1134.0
322 502.0 852.0
323 792.0 587.0
324 92.0 920.0
325 -121.0 279.0
326 385.0 1176.0
327 122.0 498.0
328 858.0 1107.0
329 883.0 1042.0
330 871.0 1231.0
331 25.0 229.0
332 508.0 469.0
333 339.0 1131.0
334 756.0 1210.0
335 593.0 605.0
336 751.0 525.0
337 -148.0 205.0
338 613.0 1107.0
339 686.0 570.0
340 332.0 1258.0
341 170.0 1226.0
342 576.0 773.0
343 698.0 645.0
344 629.0 672.0
345 393.0 1243.0
346 98.0 352.0
347 213.0 1070.0
348 252.0 443.0
349 580.0 1297.0
350 561.0 1070.0
351 256.0 743.0
352 114.0 415.0
353 854.0 922.0
354 -234.0 240.0
355 664.0 1033.0
356 -599.0 261.0
357 267.0 1293.0
358 -22.0 290.0
447
2 1
3 2
5 4
6 5
9 2
10 3
10 9
11 4
12 6
13 12
14 7
14 13
17 16
18 9
18 17
20 19
21 20
22 11
22 21
23 12
24 13
24 23
25 14
25 24
26 15
27 26
28 16
28 27
29 17
29 28
30 19
31 20
31 30
32 22
33 32
34 23
34 33
35 26
36 28
37 29
37 36
38 37
39 38
40 30
40 39
41 31
41 40
42 33
43 34
43 42
45 35
46 36
47 39
48 40
48 47
50 49
51 42
51 50
53 44
53 52
56 50
58 54
59 58
60 55
60 59
62 56
62 61
63 57
64 63
65 64
69 62
70 69
71 63
71 70
72 66
73 72
74 73
75 67
77 69
77 76
78 71
80 72
81 73
81 80
82 74
82 81
85 84
86 76
86 85
87 77
87 86
88 79
90 83
90 89
91 90
92 85
93 86
93 92
94 87
94 93
95 94
97 96
98 90
99 91
99 98
100 99
101 92
101 100
102 93
102 101
103 94
103 102
105 104
106 105
109 98
109 108
110 99
110 109
111 100
111 110
112 102
113 103
113 112
114 113
115 105
116 106
116 115
118 117
119 108
119 118
120 111
121 112
123 115
123 122
124 119
126 120
126 125
127 126
129 123
131 130
132 131
133 125
134 126
134 133
135 127
135 134
137 136
138 129
138 137
139 138
140 130
141 131
141 140
142 132
142 141
143 142
144 143
145 133
145 144
146 134
146 145
147 135
147 146
148 147
149 136
150 137
150 149
151 138
151 150
152 140
153 141
153 152
154 142
154 153
155 143
155 154
156 144
156 155
157 145
157 156
158 146
158 157
159 148
160 159
161 150
162 151
162 161
163 154
164 157
165 159
166 160
166 165
167 166
168 161
168 167
169 162
169 168
170 169
172 163
172 171
173 172
174 164
175 174
176 175
177 166
178 167
178 177
179 169
180 170
180 179
182 172
183 173
183 182
184 174
185 176
187 179
187 186
188 181
189 188
190 183
191 190
192 184
192 191
193 192
194 185
194 193
195 194
196 195
197 196
198 186
198 197
200 188
201 189
201 200
202 190
203 191
203 202
204 192
204 203
205 193
205 204
206 194
206 205
207 195
207 206
208 196
208 207
209 198
210 209
211 199
211 210
214 213
215 214
216 215
217 216
219 212
220 213
221 215
222 216
222 221
223 217
223 222
224 223
225 218
225 224
282 356
356 262
241 349
349 261
334 241
231 261
231 334
334 330
234 330
295 231
349 295
307 292
292 329
329 307
298 254
284 298
306 254
306 253
357 237
357 340
345 237
340 345
328 307
234 328
295 291
305 237
345 305
305 295
350 281
281 355
350 250
293 324
324 309
282 288
288 356
245 281
250 245
250 230
271 340
276 308
308 257
299 245
322 299
301 355
301 299
299 270
325 277
277 337
337 284
284 325
337 298
235 332
332 242
278 234
278 328
333 271
249 333
236 288
282 236
262 236
288 354
324 247
317 341
341 238
238 317
300 276
276 313
285 304
313 318
318 308
323 318
274 270
275 301
320 306
269 320
280 320
269 280
272 285
336 272
242 311
246 235
315 253
345 326
326 268
333 326
268 240
333 240
321 338
268 321
247 297
297 309
228 251
322 228
230 228
244 251
246 244
311 251
357 267
267 238
317 293
353 300
292 353
275 353
258 304
304 233
323 336
310 300
310 289
286 285
272 263
263 286
312 331
227 311
335 266
266 227
335 227
315 260
260 253
296 252
256 235
315 283
283 346
264 230
240 264
249 264
297 264
249 347
347 302
314 255
239 314
252 314
279 273
287 279
229 347
248 310
274 248
289 248
331 358
358 325
227 316
265 343
289 265
343 339
335 339
259 256
259 303
303 327
283 352
352 346
352 259
327 352
351 296
290 303
274 232
232 343
348 256
283 348
232 344
344 342
232 342
0 15
1 303
8 27
24 52
26 54
35 66
39 67
41 68
53 79
74 97
80 107
112 128
140 181
188 356
212 213
213 233
226 348
228 294
235 252
236 243
244 273
275 319
