5805.94030138224 3886.8853778169296
1013
122578755 -1423.872433767726 1921.837514661775
122578751 -1322.177804686029 1927.4083804861918
4872973714 -1455.8884347502428 2141.336299857804
4872973701 -1455.2425788230114 2172.671030186611
122616727 298.16400307775626 883.8551134196075
122616737 199.76323897747693 472.3560483865332
3856395529 -1200.8491553495103 782.1784724959113
122685713 -1210.5923533510963 781.9783216279824
122685776 -502.9187856968455 749.3648496436215
122685778 -964.8810786530482 748.1639444352578
122616733 198.04710750748234 671.3616086018808
122685791 -270.9550154254065 709.2346006171562
122691493 -1093.7939219822013 1283.7676670968126
122691498 -1095.3901087762658 875.2152676194902
3856395531 -1199.9541835640305 887.8692502717704
122702111 -2392.1119586545524 887.4467095503237
122736861 2.9524842493620436 2177.1966637009955
122736880 2.8971251690473117 1274.8498339799958
122786762 1985.2042727937142 1573.0079102847337
122786771 406.77851736710187 1570.439307479251
122786793 -2006.3791206494275 1545.676197315296
122786802 -2811.401624095441 1547.1217313619761
122786826 -2811.613833899011 1571.0286405910342
2897997130 -3624.2112995293073 1570.494904942433
122793542 -800.6306894576335 1945.7221849044538
122793548 -792.1238442231019 1373.379658480011
122799774 -192.6034646744035 1201.6057357997422
122728984 -399.92321800365164 1190.219375311012
122906363 105.61589749211284 2177.307858627359
122906366 104.31495911981501 1373.034954207335
122906376 201.4516909066585 1038.9720360890176
122685784 90.22607334445313 672.1177341032092
1845375583 -1414.110782747019 2086.8507858020575
1845375614 -1746.4313368334456 2060.664380577011
122930450 -223.08786454257398 1461.9575370451817
122728977 -399.5910635257708 1461.6906692212765
122930454 -1995.9439341896086 1441.0973688062354
122930461 -2811.484662714343 1433.691786692075
122930466 -2811.613833899011 1471.5314202289671
122930477 -3297.657320536154 1471.4424642874021
3856140163 -1209.2360559025415 1420.5930243335495
122930485 -1275.0580014855684 1425.28545023748
122930501 1213.1573240369403 1473.1548661579873
122930508 406.87078250093856 1471.064401537133
122991453 203.6476010674385 2177.719279856012
122991461 167.4612159923123 1264.1528820366173
122728990 -400.1262012954714 1019.4795654479808
123020063 -501.1103890948446 985.8542196311809
123020067 -859.9940758311438 984.564358482042
123031658 -705.6160557965262 1064.024253062467
1282071830 -782.8327453598118 1203.5850054934426
123042465 -599.3635289506252 3886.8853778169296
123042478 -599.981705339952 2182.8231269893845
123042487 -666.5048660367654 1975.9004879960746
123042489 -643.1710139701156 1372.8459228322006
123070092 -944.1398768306914 1775.0602114909832
123070094 -944.9241304576751 1373.379658480011
123070200 -1043.657048909719 1960.922531377418
123070210 -964.7611339798441 1775.6050666315882
123070224 -1003.1711087052985 2581.7126873413563
123070225 -1002.3868550771277 2184.0462711817568
123112432 -468.89140473853854 2023.8255013797639
2435729721 -492.7050355009647 1373.346300001628
123156534 300.9780896279463 1929.2875747471128
3856395545 -1200.3786031736804 1103.8542757858538
123006782 -2810.90339238465 1103.1759867332964
123184247 406.1880205184144 1044.5651408990232
123224865 -500.7136490239835 1104.855030126289
123224878 -501.202654227359 1063.5238758922499
123224882 -860.0402083973696 1064.769259071001
123152125 1987.5109010999465 1926.6856134632465
123184234 408.0610027123516 1929.1763798199588
123006768 -2812.628750348464 1873.6122749757974
1719348892 -3606.5978860031223 1871.2994205014252
123276988 -1020.1571196256712 1775.4049157636591
123276991 -1020.4062354834482 1373.435255943193
3856395547 -1199.4005927685491 1319.3611631160989
123303852 -1207.9535705596052 1319.2054902185575
5226118018 -1199.483631386888 1373.4018974655999
1282071696 -1184.4536412875436 1373.557570362351
123312997 -501.9500018028233 673.5410291643004
123312999 -965.4715755024163 673.0517714868773
123224880 -783.3217505629405 1064.769259071001
123308837 -222.53427374602077 1776.594701478438
123303879 -223.24471526815472 1372.834803339406
123208224 -101.43628697758172 819.1174271275182
122685789 -83.36154746679075 671.2726526611059
123371028 -80.48287532323074 2177.307858627359
123303874 -82.92790134225194 1372.7347279050468
123303877 -196.77384867604658 1372.8125643538174
1878675656 0.0 0.0
123377283 -1566.1637210973513 1368.753949531267
3856561291 -1567.907532100976 566.1823274890336
123383172 -2429.2117682450703 2171.2366156327253
122930459 -2429.700773444595 1433.2136485074466
122930456 -2393.7727310310765 1432.9690196691301
123395912 -501.45177008541015 907.1393310592896
1282071679 -1184.1768458891333 876.4940092758346
123156543 276.7308127361261 1207.3100355361116
122728992 -400.2276929420369 933.6148430930401
1845375569 -698.6500382756773 3736.516478515422
123527343 -698.9268336744404 2182.378347282349
123527351 -732.3268117164314 1953.6392636816258
123303883 -717.0015731728241 1373.201746597671
122916958 -1720.5325141701958 1959.966255008161
123308861 -1721.2152761500606 1774.4931173647897
123566605 -586.4648633943949 2018.899566129521
123303881 -567.5320581558157 1373.090551670517
1845375581 -498.29630254528155 3736.2273717059275
7412591545 -497.5766345106168 2183.7571643730525
3856395544 -1200.074128235838 996.317662228247
123006788 -2810.478972777509 995.3836248445787
123583937 -501.45177008541015 847.2608630614668
123584020 -501.9500018028233 828.7024298040981
123395917 -940.2278352058465 906.8947022209732
123371034 -80.98110704081415 1852.5964338400997
123614124 -304.21659578857674 1854.164282305938
123308859 -1524.4506547074047 1774.6932682327188
122593539 -1443.3403767291602 1967.7943778437677
123619226 -1015.5623160199389 1283.578635721678
122691495 -1095.140992918544 968.5078110741802
123303885 -865.2439618799343 1373.3129415240346
123395915 -858.0380550176575 905.5603631006571
123566622 -525.3945720328026 2066.1796489390363
123371031 -81.07337217336004 2004.522062114652
123652696 -1143.6447731358617 1973.5876335217024
123374808 -1198.0258422918973 1972.7536715723938
123652716 -2002.365587395622 1976.0005634304339
9831406155 -2507.563318336789 1975.7670540841218
3856395546 -1199.3083276348762 1211.7800715873143
123006780 -2811.3739445562437 1210.067669716729
122728981 -399.8217263583973 1275.0944628191023
123665434 -500.63061040419586 1282.2665355877407
1282071695 -1184.4813208269914 1284.001176443125
4015221697 -3559.3673653774335 1368.987458877579
123006775 -2811.6415134382064 1370.2217225635356
123371040 -81.95911744789822 1691.8530478823002
123338981 -222.681897958872 1691.3304317272846
123668251 -2005.299618601798 1659.5842801706156
123668255 -2811.9644413998744 1660.0624183552443
123308862 -2005.6225465639018 1774.21513004809
122769036 -2004.386193792865 564.3142527216969
2435729724 -499.1451417673018 1373.324061016829
122769010 -502.8911061560422 559.5217513834069
123308860 -1622.7407003177543 1774.1928910632914
123658088 -297.73958346730717 3388.2428487717802
123725208 -237.5550373612805 2177.307858627359
123583933 -301.01499568148483 846.8049638616369
3856580022 -301.47632134547126 572.4203628740034
123652687 -303.6537784780163 2005.4894579759125
122930451 -305.68361139902635 1461.8352226260236
1414098700 -600.6736938350161 2158.49367703888
123728746 -1099.5789457978713 2046.6649393124108
123731726 -1322.620677322223 1976.3563871951144
123308857 -1321.1444352011356 1775.1602869245528
123308855 -1278.2872811265486 1775.0602114909832
123395927 -1030.55540007494 853.4433009824646
122769018 -968.1657173760899 559.5217513834069
123665439 -939.4159020380745 1283.3784848537493
123652664 -948.6239622781422 1990.7450107035686
123308847 -883.3187013730021 1775.7496200355451
123308844 -868.3717498783855 1774.8378216374656
6858378694 -1100.2617077794018 2172.1039360604173
123308849 -1058.2718459185537 1775.3493182996874
123308851 -1094.6888937679846 1776.561343000055
123303887 -1095.6392246339879 1373.490853406375
3856580010 -452.5789292674085 572.6761112051144
1282071315 -451.9607528779482 847.01623422236
1282071347 -501.6363003517501 589.9002053421667
1282071367 -966.6710222265866 586.4309236313985
1282071484 -501.7931510772867 631.2313595762054
1282071485 -966.0528458377544 630.7309824059882
3856580015 -1014.3536427819024 572.6761112051144
3856395530 -1200.1848463949345 829.4363163198374
1282071599 -1184.2322049693398 829.6920646517384
1282071708 -1225.3178685126168 1775.1046894613708
1282071707 -1223.832399878309 1421.1712379517476
1282071750 -1136.9647775353228 875.9602736280242
1282071759 -1136.6879821368698 1776.5057455368733
1282071753 -1136.9647775353228 1327.3004808780697
1282071802 -500.464533165932 1327.545109717176
1282071850 -501.45177008541015 902.4357856625647
1845375555 -446.3510328065237 2015.6526742714807
1326921217 354.51031965883635 1422.327665188934
1326921222 2.943257735320672 1424.3069348834242
1326921220 154.14735733378353 1424.0623060443177
1326921223 154.14735733378353 1574.008664624379
206199945 194.48567338271636 1307.518903428329
1326928691 -399.76636727809483 1321.1291624498658
1326921289 353.1171161542149 2177.4857705096993
1326921293 354.6025847913669 1372.4122626179594
1414098350 -351.7146861355516 1461.7573861772528
1414098358 -348.89137307407333 2008.2137336789372
3860437376 -1776.1683889991937 2173.705143003848
1414098697 -499.74486512995827 2159.48331188652
206182046 -1100.5015971244052 2160.4173492701884
1414098718 -36.924506138529225 2177.307858627359
1414098723 -38.908206493524396 1776.8726887951382
4012879568 341.2425935670272 2177.541367973671
123006777 -2811.1801877792423 1316.9593527001618
4013270092 -2810.663503041883 1041.4405634609313
1282071371 -1013.5693891537564 586.6866719625094
123207612 1212.3361643571216 1070.1288545346943
123330290 -3213.004062460798 1669.6585405246183
123668258 -2812.2965958741693 1670.6370558786741
1845375546 -1572.852943201075 1774.448639394402
122593535 -1452.9820830770313 2009.7593431591868
1845375623 -1266.477344157051 1319.305565652917
2503840694 -1266.154416192548 995.2057129614484
1845375552 -1273.4249086389905 1976.6566134974028
1845375604 -1273.1573397546847 1775.0602114909832
3856140166 -1209.734287619114 1774.960136056624
1282071709 -1224.7827307439156 1972.5201622260815
1845375603 -1399.8096872063197 1976.3341482103156
1845375593 -1672.3147559732186 1961.4229085468453
1845375558 -1672.093319655445 1774.3485639600428
1845375597 -1475.014996718198 1909.561594759764
1845375564 -1474.609030135698 1774.8155826518769
1845375545 -1524.0815941771014 1909.216890487088
1845375616 -1769.100879859225 1774.4041614232247
122593544 -1423.448014158423 1774.937897071825
1845375600 -1373.145063904868 1926.841286360788
1845375622 -1372.397716331104 1775.049091998189
4012879584 411.2995088726378 2257.1235769732543
25522201 410.5337082703202 2177.230022178589
123725802 -904.1429418183292 2184.2353025576813
1924738736 -902.9711746334343 2581.4458195174507
1414098582 -1764.1370157369468 2233.828239840778
2355604711 -1906.5482475146664 2101.7731449575326
2355604709 -1775.4487209661313 2101.0948559049752
2355604681 -1906.4652088952703 2036.3238111345024
3860437374 -1906.0592423122846 2173.2381243120144
3860437384 -1671.0414971453604 2184.5355288591795
4872975489 -1649.6083068835846 2340.0638727572423
3860437386 -1833.6864725124733 2184.9914280582193
2355604835 -1834.0094004761845 2356.1426591499026
3860437385 -1878.5457798556802 2184.635604293539
2355604855 -1954.710646574547 2556.6159923975188
2355604682 -2002.9653107551358 2036.8241883047199
9926458790 -1956.8511976437298 2036.868666275107
2355607981 -1068.2180272173848 668.7818863043937
3856395527 -1200.7937962706178 674.6863369086919
3856395528 -1201.568823384288 757.671110663857
6788378785 -1068.743938473638 589.5555010694907
122728979 -399.71100819910373 1373.0238347145407
4012904724 -400.60597998618067 613.4957687761416
2435736056 -346.92612574617715 846.6048129937079
3856580018 -347.8580035868402 573.1431298969485
6238560434 -1265.7207700702845 559.7441412361345
2435732619 -301.19952594655496 587.4316779710432
2524078166 197.49351671092106 587.4983949270195
2763479379 198.4715271179607 623.8146579692508
2763479363 340.4675664519246 623.5033121741681
3577630783 -801.5994733511299 3786.554195505554
7023449896 -801.4887551919107 2173.816337931002
3695442489 -80.85193585472545 2070.594087526267
3695442488 -169.42646332177333 2069.10407550999
3695443163 -80.90729493372852 2054.237313816907
3695443166 -398.3085781805089 2062.020958682126
3695444746 -307.03068233744136 2177.530248480877
3695444745 -307.03068233744136 2057.0171869831124
3695445565 -302.57427642447334 2056.9615895199313
3695445568 -269.4787733008757 2070.5718485414677
3695448266 -307.03068233744136 2157.426205743259
3695448265 -80.5474609162751 2158.071136318223
3695771607 -2298.1860542044988 1975.622500679375
3695771606 -2298.9979873672924 1878.949631454692
3695877350 -2488.934988189871 1148.7103091946328
3695877349 -2487.8462596328523 1101.9306035553354
3695922983 -2897.2820087123673 903.2030306558972
3695922984 -2810.1929508702856 903.4143010166208
3695928038 -1411.9702316736943 1990.555979327644
3695928039 -1414.7381856489478 2115.1276556479584
3695992482 -2480.8525626278583 1773.636916429892
3695992483 -2482.448749412203 1835.5947295557746
3696071070 -2250.17127945204 1773.9149037465918
3696071073 -2250.17127945204 1820.2609491716485
3696071071 -2236.488360357476 1773.9371427313904
3696071074 -2237.2357079279923 1861.6699398544577
3696071072 -2239.4316180722576 1773.9371427313904
3696071069 -2239.2470878084537 1729.3590966401011
3701220418 -2810.2759894878777 835.2406914905663
3701220404 -2938.256953693384 813.4687248535405
3701220435 -2811.124828700849 1153.5695274888992
3701220436 -2904.40487687877 1154.236697048662
3701220402 -2730.106816472827 779.9656934558988
3701220400 -2730.106816472827 744.7724991732605
3701220401 -2712.3919111620544 779.9656934558988
3701220415 -2713.1300322174816 828.924819657616
3701220452 -2811.3093589639097 1258.426343314659
3701220451 -2924.850830061043 1257.05864571675
3701220438 -2811.235546858948 1178.6662224327358
3701220432 -2811.0602431085144 1137.790967397737
3701252359 -2006.1761373587015 1506.4132687173126
6790538738 -1991.4506222487164 1505.2901999585097
3701252345 -1448.3226938852831 1146.3752157354622
3701252335 -1447.8890477620073 1103.4650935427903
3701252350 -1462.826772714475 1210.7681977548752
3701252348 -1463.4449491022679 1160.3635375072683
3701252334 -1625.1488202744065 1102.9647163733632
3701252343 -1625.73009060836 1141.5159974404057
3701252367 -2099.2439762470594 1659.6509971265918
3701252373 -2098.9395013104754 1703.2060498926478
3701252329 -2059.754499655349 1102.3976222471695
3701250323 -2058.536599908731 1063.334844517115
3701252333 -1680.7846951285526 1102.909118909391
3701252325 -1679.981988476981 1067.604729700389
3701252366 -2073.2990210664434 1659.6398776337976
3701252372 -2074.830622260948 1709.2995318728706
3701252330 -2043.7557257244157 1102.4309807247625
3701252347 -2045.1950617871714 1148.020900649281
3701252331 -1715.6793682056118 1102.8646409390037
3701250324 -1715.1719099773743 1067.4601762956418
3701252346 -1414.7474121616522 1147.6317184062175
3701252336 -1413.9723850485846 1103.5874079619487
3701252332 -1679.7974582113022 1102.909118909391
3701252344 -1680.7293360497672 1141.9051796842593
3701252351 -1790.9308101779516 1210.04543073193
3701252354 -1777.7645757889009 1250.6649374350284
3701252376 -2051.976549006747 1774.159532584908
3701252381 -2054.458481064756 1867.2741641572582
3701250319 -1535.3102607992253 781.5224224289427
3701250322 -1534.29534434192 833.5171701279767
3701250315 -1889.285441257758 675.119997122933
3701250318 -1889.5806896807019 714.7943469495685
3701252523 -1164.939565741607 671.2170551979237
3701253627 -1163.6478538857705 757.2819284207935
3701410612 -2174.2739817457746 1773.514602010734
3701410613 -2174.569230168241 1866.6625920606766
3701418786 -2153.7818958889347 1773.6702749074855
3701418787 -2155.0274751728825 1841.3768657417054
3701422773 -2189.1932536166087 1773.9927401945722
3701422772 -2189.331651315815 1732.2168062542883
3701420204 -339.7478984171272 2145.895291850572
3701420206 -307.03068233744136 2153.767892656566
3701621524 -2869.076557948451 1116.9752771299682
3701623525 -2810.967977976984 1117.2421449538735
3701621523 -2889.5040581099984 1103.4650935427903
3701962318 -2552.514890625656 2144.3274433847337
3701962315 -2551.4538416083738 2086.9063832652396
3701962313 -2676.88828842837 2082.1027624341555
3701962312 -2600.815687188988 2081.602385264728
3701962320 -2599.800770737913 2170.591685057761
3701962314 -2577.749404210085 2086.7618298604925
3701962316 -2527.3726421697347 2087.039817177192
3701962317 -2577.8324428291317 2144.060575560828
3701962319 -2526.4684438764602 2144.594311208639
3701962322 -2526.2746870990486 2170.8696723744606
3701962321 -2577.8508958544217 2170.6695215065315
3701990657 -2349.5869592900895 1255.0682565302552
3701990656 -2349.5869592900895 1208.6888526268153
3702015026 -2756.4669646321568 1773.2699731716273
3702014122 -2754.151109823698 1378.3611911934356
5226118019 -1208.3503106297985 1372.690249934659
123308853 -1199.3083276348762 1775.9608903962687
11197240009 -1210.9983199353085 2172.181772509188
4007179755 -1209.5497573530856 2013.9291529088912
4007230462 -1197.8320855144611 2099.56036591752
4013270098 -1209.5036247869061 1435.6488174009767
3856140170 -1161.8579103132781 1987.086697616876
3856140177 -1161.5073028092108 2065.779347203178
3856140178 -1179.7388930109983 2066.001737055906
3856134156 -1240.6984661151719 1338.141986226195
3856140158 -1227.2738893240157 1362.026656469664
3856140176 -1143.7278117555268 2065.5569573496605
3856140172 -1143.414110304915 2010.24860083661
3856140157 -1208.184233390503 1362.3380022639567
3856134154 -1240.8829963798694 1319.4389995648694
3856140179 -1197.6291022216908 2066.224126909424
3856140175 -1124.6473823308131 2065.190014091396
3856140168 -1209.2637354419867 1972.264413894971
3856371898 -1209.2083763630958 1985.4521321950613
3856371897 -1398.4257102179602 1985.9302703796893
4013270102 -1209.7527406445365 1834.5494972457427
123289711 809.5988603556269 1777.973518569142
123184237 407.85801942053354 1777.5398583549013
4013268988 -1199.7419737585496 843.9917322178375
3856395532 -1209.734287619114 876.4717702910359
4013270091 -1200.074128235838 961.3023798279487
123374817 -1209.8819118303632 674.3861106071937
4013268981 -1210.5923533510963 632.0319630479212
21098528 -2812.75792153313 2169.7688426012464
7477827495 -2812.536485216934 2149.809353268375
4007262505 -2862.848661557087 2169.80220107884
4007262506 -2748.1815557961945 2170.0245909323576
123695628 -2004.5984035962724 2172.860061561745
4012879559 409.82326674830335 2106.409973399071
1326921286 462.7465468975752 2177.230022178589
9524366543 -2546.665281260226 2170.79183592569
123725804 -1103.7216502519166 2183.367982129199
4012879582 -1119.1945129929666 2183.5792524899225
3860437388 -1781.9810923384266 2185.1137424781678
3860437377 -1603.0882271067126 2173.9164133645722
9568547365 -1863.1559557828662 2173.40491670235
7559319053 -1455.2794848764456 2184.9914280582193
4007262513 -1690.5463461379993 2184.7467992199026
7023449895 -1947.6708169804813 2184.513289874381
3860437382 -1526.1114270917958 2183.80164234344
2355604780 -1527.3570063797536 2207.2081744022807
1845375541 -1603.5403262564082 2060.5643051434417
4013268980 -2810.46974626488 620.8791119055031
21306056 -2810.654276527943 564.1029823609736
4013268984 -2810.322122053643 714.8610639055448
123006801 -2810.303669028386 673.474312208324
123289713 809.2021202849892 1673.6837968687855
123184240 407.8856989613401 1671.5710932623422
122728975 -399.19432345485905 1776.216638728169
3856580005 410.8105036692064 572.4981993227742
4012904725 410.5798408378937 640.3938215313387
9702163606 -1197.3892128780728 2141.024954063511
4007262514 -1712.5884862700839 2184.7579187126976
3860437387 -1771.5274528409018 2185.0581450141954
4007262511 -1140.1756041497542 2183.80164234344
4344795005 -1198.4133558493918 2185.647478125978
7477827493 -2778.444519025592 2169.9022765131986
6755541754 -2355.0398285954593 2171.525722442219
6204560094 -2245.336586528301 2171.937143670872
4007262508 -2104.7152985862476 2172.481998810686
11197240008 -1324.7520018835694 2172.170653016393
4007262507 -1964.6568278358247 2173.0157344592867
4007262509 -2381.2431260995377 2171.42564700786
4007262504 -1820.2526692425797 2173.5605895998915
4012833666 -397.8564790306052 2212.9235936314444
21300149 -397.9487441631317 2177.830474782375
4012833665 -398.0502358083863 2142.815192382077
4012879560 410.1092886599179 2134.3421389722957
4012879566 132.8710177145769 2177.419053553723
4012879565 -263.5276722364671 2177.3968145689246
4012879567 -278.6683805246437 2177.4412925393126
4012879562 46.48317389473391 2177.307858627359
4012879571 322.7526609610894 2177.6192044216523
21300147 301.6423985837721 2177.719279856012
4012879574 231.46553859792962 2177.719279856012
4012879572 -347.3966779228731 2177.6525629000353
122793530 -801.4518491384007 2182.9120829301596
4012879576 -841.7901651511005 2183.8572398066217
4012879569 -472.7019547217684 2178.030625650304
4012879563 -48.88206734618569 2177.307858627359
4012879575 -738.5178021208606 2170.9808673016146
123566618 -499.45884321837616 2171.0031062864127
4012904727 405.4960320218504 941.9767015772478
123184249 405.59752366841525 883.7216795076548
4012904737 408.03332317285606 1729.8594738095283
123184243 405.3668608357902 1371.8896464629433
4012904728 405.5698441289199 1312.255807303437
4612930793 405.4406729428596 760.6844931755852
4012904726 405.6897888009408 840.2444631895796
4012904736 406.1603409776078 1424.3180543754286
3856580008 -400.6521125524436 572.66499171232
4012904734 -353.1540222077515 1372.9348787729755
4012904733 359.4649572877782 1372.3566651547776
6755787409 433.8952398846105 1371.645017624627
4012904735 -426.9476753888529 1372.9904762369476
3856580023 198.32390290641848 573.7880604719129
4012925101 69.43873892967821 573.0541739553834
4012925103 240.29531180451824 573.4544756920313
4013268983 -1200.6923046242339 654.3376653327574
4013268985 -1209.9926299894557 715.2947241197859
4013270094 -1199.6773881656343 1176.242173032
7509139553 -1201.1074977211706 773.293997857478
3856579997 -1211.0905850676666 572.0423001229443
4013270095 -1199.3821397418146 1281.7550389247288
4013270099 -1199.520537440357 1697.2237628395785
4013270093 -1200.2771115272958 1068.8723518639388
4013270090 -1208.922354451997 940.6979599209035
4013270097 -2811.493889226971 1349.7618560604474
21098527 -2810.2759894878777 966.6730947844366
4013270096 -2811.3739445562437 1334.4614341547037
1836582997 -2810.349801594152 779.9212154855113
4013270101 -2812.1305186363666 1807.729280938526
123308865 -2811.8260437012677 1773.2477341868287
4013268982 -2810.386707645978 647.7549256759016
4013270089 -2810.239083436052 937.562262989227
4013270100 -2812.0013474516995 1740.245079958614
1523114346 -2810.3590281067795 793.7538643597759
123006765 -2812.536485216934 2074.3191175689362
4013268987 -2810.294442514446 828.1798136490821
4013268986 -2897.438859436125 794.1652855884284
4052263894 -953.135727265007 2184.279780528069
4052263895 -1054.295218702007 2183.9684347337757
4606001020 -2507.9231523510925 1911.9078077125191
5928065057 434.1535822567224 760.1285185421859
4619342449 -1658.880952691465 2124.7682557877206
4619342447 -1545.9207510345439 2123.8230989112576
4626829754 -2221.3476521725534 564.3142527216969
4626829753 -2221.107762828794 664.8455859010014
4872973673 -1232.2469799701303 2106.6546022373873
4872973675 -1250.3586254957963 2082.258435331697
4872973677 -1250.4416641154319 2067.0024913963407
4872973676 -1250.8753102377188 2106.865872598111
4872973678 -1268.3226468077894 2066.869057484388
4872973679 -1268.86701109043 2107.066023466039
4872973681 -1285.2994312010924 2107.2439353483796
4872973680 -1211.8563856685983 2106.4210928918656
4872973682 -1285.4562819263226 2153.6566977302023
4872973684 -1302.0178732217935 2066.6133091524866
4872973685 -1302.9036184942465 2153.52326381825
4872973687 -1272.0870642174602 2153.7456536717677
11197240007 -1272.0132521105404 2172.3374454067293
4872973694 -1357.6076155844994 2066.1796489390363
4872973698 -1358.087394274083 2126.66968903344
4872973689 -1319.8619498587059 2153.400949399092
4872973690 -1319.88962939814 2066.4687557485304
4872973699 -1392.9359348332184 2126.4472991799225
4872973691 -1392.0132835076215 2065.912781115131
4872973693 -1376.3651170293494 2126.658569540646
4872973692 -1375.9960565001368 2066.035095534289
10309983772 -1229.0915124355618 2141.6142871745037
4872973696 -1355.7346333936216 2153.1452010671906
11197231551 -1396.6357666469669 2172.381923377117
4872973703 -1339.8281245429666 2066.324202343783
4872973702 -1341.5073499553073 2172.1150555532117
4872973712 -1433.6156317626471 2115.416762457453
4872973713 -1433.4403280107858 2139.9018853039183
4872973716 -1433.8186150539307 2086.8174273244645
4872975426 -1473.0405228832176 2143.4934814346348
4872973717 -1471.8041701076793 2086.772949353287
4872973719 -1490.4878594384827 2086.7507103684884
4872973718 -1491.3459251708696 2151.210409343878
4872975421 -1509.4206646251841 2151.065855939131
4872973720 -1509.6697804825312 2086.739590875694
4872975423 -1526.3697694618259 2086.7284713828994
4872975422 -1527.117117035125 2150.9324220271783
4872975430 -1544.8043429310342 2086.706232397311
4872975428 -1480.3386948633213 2151.2882457926485
4872975432 -1563.7371481133594 2123.7007844920995
4872975431 -1562.2239999415963 2085.4274907409667
4872975434 -1581.0829930169668 2074.085608223414
4872975433 -1581.5535451921028 2123.6229480433285
4872975436 -1622.390092814314 2060.575424636236
4872975435 -1622.5100374872336 2123.95653282321
4872975438 -1640.8154397617036 2124.3679540518624
4872975437 -1640.704721602801 2060.5865441290302
4872975439 -1659.1392950626541 2060.6087831138293
4872975441 -1676.8357474608333 2060.619902606624
4872975440 -1679.1885083381003 2151.2882457926485
4872975443 -1696.3867290203418 2151.2882457926485
4872975442 -1695.0212050604496 2060.631022099418
4872975444 -1659.3884109198373 2151.2882457926485
4872975445 -1715.8085393911717 2151.2882457926485
4872975446 -1714.3230707598484 2060.6421415922123
4872975449 -1751.8196205648414 2121.721514797609
4872975448 -1715.4394788611874 2124.2011616623167
4872975452 -1731.4567058464438 2073.9744132962605
4872975454 -1731.40134676636 2060.6532610850068
4872975453 -1731.6504626234582 2123.9454133304157
4872975579 -1757.2448103481693 2063.5888071479644
4872975573 -1590.3464123150181 1982.3053157705908
4872975587 -1807.3724567658442 1965.8929445980482
4872975585 -1826.8680792328364 2019.9114399619605
4872975589 -1826.9234383115827 2036.1681382377512
4872975588 -1826.6835489672897 1965.548240325372
4872975591 -1845.477956426241 1965.2146555454906
4872975590 -1846.723535713641 2036.2459746865218
4872975593 -1866.7727489706106 2036.3238111345024
4872975592 -1865.7578325149 1964.8588317800202
4872975595 -1884.5245604293777 1964.5252470001387
4872975594 -1886.812735711494 2036.3905280904787
4872975597 -1977.7031175392942 1821.7176027111223
4872975596 -1906.1884134977206 1821.4729738720162
4872975599 -1906.2529990904384 1841.3991047265042
4872975598 -1977.7677031319872 1840.276035967701
4872975601 -1977.8415152386715 1862.1814365166797
4872975600 -1906.3268111958396 1862.7930086132608
4872975603 -1906.382170275874 1882.8414538876968
4872975602 -1977.9061008313645 1881.718385128104
4872975605 -1977.979912936737 1901.2664532323226
4872975604 -1906.4467558685917 1902.5007169182793
4872975607 -1906.5021149473148 1920.8145213365412
4872975606 -1978.0444985294296 1920.4475780782766
4872975609 -1978.1183106348021 1940.4849038599184
4872975608 -1906.566700540033 1941.229909868452
4872975611 -1958.954842659542 2020.3006222050237
4872975610 -1957.7092633741947 1959.2323684924215
4872975613 -1919.7329349203476 1959.9551355153665
4872975612 -1921.1907240120772 2033.644013402656
4872975615 -1978.1736697148156 1958.4206455279113
4872975727 -1903.023719459758 1960.2776008024537
9926458789 -1938.010657629781 2033.6551328954502
4872975616 -1937.4293872967287 1960.0329719641372
4872975723 -1906.133054418997 1802.3029685188567
4872975618 -1938.416624211386 2020.7787603896522
4872975725 -1784.721366769739 1966.2932463339062
4872975731 -1788.199762260724 1797.3547942830248
4872975729 -1906.123827905002 1798.3444291298756
4872975737 -1787.4616412010146 2037.113295114214
4872975748 -1894.85825524942 2128.5266443087726
4872975738 -1819.6713989091693 2111.3247891565193
4872975750 -1857.3709319853947 2101.517396626421
4872975749 -1856.9926449429847 2151.788622962866
4872975752 -1819.625266343109 2101.328365251287
4872975751 -1819.8743822000977 2151.5328746309647
4954111091 -1906.3913967885574 2129.894341905892
4954111090 -2003.8602825387184 2128.5266443087726
4979368527 -667.695086249027 1282.6890763083973
4979368524 -614.0521380815044 1282.5556423964445
4989775106 -1722.7745568868045 611.950159295892
4989775104 -1688.4980601981017 565.9376986507172
5097194843 -1456.7741800221718 617.5321446138933
5097194844 -1456.681914889898 570.9192313641415
4612930784 409.82326674830335 689.041601938763
7509385783 404.17664062437353 719.4978923462935
123584033 573.3908940842988 882.99891248471
123308868 -3214.000525881637 1772.8474324501808
123330296 -3212.681134501529 966.3951074685272
5752189521 -1200.4616417933303 572.0867780941219
5928065056 435.5836918147533 688.8414510708341
6204560093 -2245.7794591637735 2229.6250716134805
8584982302 -2245.438078174176 2184.012912704163
9360391493 -734.9471414858737 2182.4673032239143
1282071699 -1183.3741392359705 1776.5391040152567
6753679567 -2429.6546408787012 2108.7673058438304
6753679570 -2407.8616166934785 2147.46314031641
6753679569 -2407.566368271451 2112.2588265401873
6753679571 -2408.4428870261863 2011.9165247360177
6753679572 -2429.802265090348 2033.421623549138
6753679573 -2408.2399037359614 2034.956113537383
6755315244 -2762.9716564234104 1273.293105006952
6755315245 -2732.2104614793225 1273.671167758011
6755315246 -2747.5264733599065 1273.4821363820865
6755315247 -2748.292273954348 1316.937113715363
6755315249 -2693.449879596087 1433.5361137945338
6755315251 -2688.2092201061414 1396.1857379350647
6755315253 -2488.169187595292 1365.3291457908863
6755315254 -2486.8497962075776 1316.825918788209
6755315256 -2654.264878093929 1659.9957013992678
6755315259 -2668.307631164629 1692.7759657739648
6755315261 -2373.31755125599 1701.2712581693347
6755315262 -2374.535450998928 1659.8622674873152
6755424708 -2770.048392032898 1773.2477341868287
6755424711 -2765.333643797492 1860.9026948603357
6755424715 -2708.6551733229844 1791.3502682443673
6755424716 -2708.5260021382155 1786.8913516859586
6755424718 -2708.323018848425 1773.3366901276038
6755424712 -2711.690696159787 1861.5587449273044
6755431535 -1924.6414399599385 1317.0705476273156
6755431536 -1924.7152520653324 1269.8127038033895
6755431538 -1912.8960886170962 1269.0009808388793
6755431539 -1912.6008401941895 1317.0927866121142
6755541742 -2455.359706657584 1975.4445887970346
6755541745 -2429.5900552861876 2138.0894079997634
6755541746 -2453.0346253314115 2057.072784446295
6755541747 -2429.7561325244546 2057.2618158222194
6755787407 347.92258917856316 1203.473810567079
6755787408 405.93890465902206 1203.3514961479207
6756953242 -2642.6394714778125 716.6624217169052
6756953243 -2642.482620753746 673.9302114073638
6756953245 -2456.190092846149 630.4752340748773
6756953246 -2456.107054227031 674.4417080703756
6757133688 -1329.9557553600664 888.6476147586875
6757133689 -1329.429844104272 847.8057182020715
6757133691 -1291.5826867295118 888.6253757730985
6757133692 -1290.789206589355 854.0771120646345
6757220804 -2090.792490135698 564.3142527216969
6757220806 -2066.489854307049 609.5705878655435
6758495294 -2484.5985269870494 780.088007875057
6758495295 -2484.9860405419854 828.324367053829
6758495296 -2453.302194214078 887.5801434622764
6758495298 -2461.236995566008 920.2492129106095
6758705306 -2052.7146700654116 2000.2521769313776
6758705309 -2119.0256205915057 2073.173809824544
6758705315 -2028.3566751527646 2000.5079252624885
6758705316 -2029.2793264755633 2153.534383311044
6758795208 -2786.7299278596206 995.3836248445787
6758795210 -2810.672729554511 1044.0202857584186
6758795211 -2810.5989174495485 1024.6167710589466
6758795212 -2828.01857432577 1024.2609472942665
6758952224 -1297.8659422564774 1500.5310570978131
6758952228 -1279.4405952833768 1458.9219155478643
6759219561 -1555.9868769860416 599.2072207028368
6759219558 -1517.7522060882752 571.5196839679282
6759219557 -1531.0476116787759 612.4171779877262
6765966442 -2130.512629550162 564.5032840968315
6765966447 -2130.7525188940526 580.2818441879937
6765966446 -2130.946275671962 588.1433255011938
6765966445 -2105.7302150406167 564.3142527216969
6766008645 -1298.1150581140312 1720.7637288103713
6766008646 -1297.8290362030211 1689.751463768652
6755541749 -2343.165306097576 1975.5669032161932
6766568883 -2346.726740195247 1895.8623797974515
6769151264 -2770.140657164458 673.5855071346879
6769151267 -2792.339647871802 693.3670845852188
1282221660 -2003.3712773379073 594.2368074814168
6769491938 -1945.7517022299714 564.3142527216969
6769584442 -2429.304033376858 1845.846901792908
6769584446 -2372.5425241468424 1834.6384531865178
6776804183 -2838.4260811866 1471.38686682422
6776816386 -2811.493889226971 1429.0883167289196
6787881485 -2153.7173102963075 1975.8115320545094
6787881487 -2153.2283050959204 1908.0827022354906
6788356281 -1100.4001054779885 631.2535985617943
6788356284 -1100.252481265376 589.8668468645735
6788378787 -1150.638470188174 636.8133448934168
6788378788 -1182.3223167238418 675.2200725565024
6788378789 -1181.7225933621442 638.4145518376381
6788356283 -1100.4923706103796 756.692595309011
6788524346 -2719.7638951956446 564.147460331361
6788524347 -2715.0122409065752 605.7343628965108
6788672014 -2812.536485216934 2109.40111692521
6788672015 -2854.13883312102 2109.5123118523643
6790204144 -1211.478098623833 2066.6021896604825
6790538737 -1990.5464239523924 1688.9730992825248
6790538735 -1990.214269476271 1697.090328927626
6790538736 -2005.382657221149 1688.7173509514141
6804858484 -1976.56825641279 1505.1678855393518
3701252365 -1744.0416699035468 1634.587660660348
9685159165 -1210.970640395863 2226.645047579346
9679818635 -859.4497115478431 2172.648791201022
6858378691 -1197.6567817624482 2172.148414030805
6858378689 -894.445876374208 2172.448640333093
1845375568 -1105.4746877725688 3737.506113362272
8584982297 -2429.47933712778 2183.701566909871
7002603478 -2445.837945034571 2284.9000696489384
7071705588 -2811.2909059373424 1275.2167772382606
7071705589 -2836.626911116878 1275.5614815109366
7071705590 -2811.2447733715762 1311.2439334709977
7071705591 -2837.005198158176 1311.47744281652
7132473808 -2811.3554915296754 1223.411060914361
7132473811 -2905.7427212888992 1221.387313249483
7132473812 -2811.3185854778503 1253.3558546596698
7132473815 -2786.2686022005664 1209.978713775954
7165373846 -1199.7512002725725 2227.100946779175
7165373852 -1155.2517268187667 2183.8572398066217
7165373855 -1174.987238682219 2203.4275468964297
7165373856 -1174.1291729488235 2184.135227123322
7181986514 -2240.7048768961718 2335.616075691628
8584982308 -2131.186165015852 2184.2130635720923
7190732875 427.74115553065064 640.4160605169275
6753679576 -2603.472922987557 1773.4701240395564
7205838931 -2603.149995026694 1820.7613263418655
1980745813 -1624.3830196747253 1961.2672356500939
7241407397 -1572.9728878740211 1958.8654252341569
7278889673 -1210.2601988738195 765.2879631387407
7278889676 -1265.9422063884267 766.7557361702195
7278889677 -1265.877620795526 739.4351426943657
7278889678 -1210.0572155823686 739.9132808782042
7278889679 -1239.4528868245266 782.2229504670888
7278889675 -1239.9418920270261 767.1226794284842
6790016529 -2521.799828198453 564.2475357657205
7425580134 -2545.8718011253945 564.2364162729261
7425580147 -2665.558130235691 564.1808188097443
7425580148 -2664.0265290458487 612.1169516862278
7451660898 -2775.3351840840446 1316.9482332081573
3856580006 339.82171052289056 572.7984256242726
2763479364 348.93750563902773 1372.4122626179594
7506738839 -2595.0860224978187 1433.4137993753754
7506738840 -2595.0860224978187 1397.4867185762075
7509139550 -1182.0086152732692 757.470959795928
7509139554 -1181.9809357338213 773.0382495255769
7509139555 -1165.5854216708346 829.5919892173791
7509385781 399.48034536647697 642.8512294104578
7509385780 398.6130531188946 572.8095451170669
7509385782 398.5669205526315 689.8533249032731
7509600090 -1412.6898997066075 2022.9581809520716
7509869392 252.68651913569934 1775.9831293818572
7509869393 251.71773524142233 1723.8771867564594
7742641974 -2811.253999885516 1298.9457745841883
7818449428 399.48957187920513 608.6921479450572
7818449429 340.26458316009234 608.2362487460174
7818449430 353.98440840183855 572.7094696834976
7818449431 354.44573406580275 608.3474436723814
7818449432 339.9970142752256 587.0091372495966
7818449433 354.21507123316513 586.9535397864146
7822554691 -1256.3466325999198 675.119997122933
7822554693 -1210.6753919707435 622.1244950842544
7824977981 -1197.564516630086 2125.835727083341
7825015487 -1100.0033654076576 2098.959913313733
7824977982 -1120.3662801771472 2126.8809593941637
7825015488 -1122.2853949357393 2172.437520840299
7828195051 -2810.183724356346 885.3228864518765
7828195058 -2909.119625108991 867.5539371742193
7828444415 -2756.310113908225 1740.4785893041362
7829203213 -398.11482140141686 2121.665917334427
7829203214 -421.6701097951305 2122.0662190702847
7829203217 -432.3636386813262 2121.9550241439206
5652148814 -2812.684109426858 2230.8370963138486
8584982287 -2812.7856010723267 2183.0566363349058
123048756 -2913.4468597853456 672.896098590126
6753679575 -2575.2674721604535 1773.514602010734
8348275131 -2575.5904001226936 1871.4995713693543
8395840617 -2274.3631970951706 1773.8815452682088
8395840621 -2275.1474507174744 1863.6269705633597
8395840622 -2188.8610991408714 1814.3231400889667
8408683385 -1265.7392230957037 609.5372293879504
8408683387 -1283.6109792756972 571.4418475191576
8410548530 -1278.6471151431856 1658.2832995286826
8410548534 -1256.632654510972 1656.8377654820024
8410563234 -2089.3808336126544 1773.948262224185
8410563239 -2077.7462004392546 1854.275477232302
8410563241 -1857.8876167259589 2092.7329974215577
8410563249 -1869.8636309024491 2091.4987337356006
8410563242 -1819.9112882534707 2092.7329974215577
8410563250 -1793.4865543448766 2092.1325448177704
8410642912 -2812.1028390971696 1711.1898456257966
8410642913 -2775.6950180989506 1711.5901473616539
8410642914 -2811.659966464775 1596.85922204982
8410647920 -2811.752231596306 1618.964773466727
8410647918 -2764.7339204410164 1618.5644717308694
8410647921 -2755.470501208837 1618.3198428925527
8410705359 465.6344455517141 572.6205137419324
8410705368 410.7459180761766 596.4829449998125
8410786264 -1928.1659680131283 564.3142527216969
8410786274 -1892.754610232884 564.3142527216969
8410997887 -2700.877222709172 1433.547233287328
8410997888 -2700.8126371167837 1387.6459675685169
8411039057 408.0610027123516 1891.1365954151381
8411039063 440.9535225409092 1929.143021342366
8411402186 -2170.5372438930253 1433.4916358241462
8411402189 -2170.952436986759 1383.487277311607
8460028425 -2781.44313580894 1825.842934489649
8460028427 -2781.249379031893 1773.236614694034
8460301575 -1303.5402479091479 1211.3686503586623
8460301580 -1298.041246008429 1254.3566089993144
8460976671 407.3228816508375 1614.4613789379312
8460976675 452.7634595337603 1570.316993060093
8461016193 -1680.9969049336237 995.8395240436183
8461016194 -1680.2587838735326 958.166682896272
8461016196 -1668.1074659341643 1210.2233426142705
8461016197 -1668.125918960865 1180.745567560796
8461016198 -1804.9827898379763 1210.0231917463416
8461016207 -1817.7522841560592 1209.9008773271835
8474239342 -1768.021377810248 781.099881707496
8474239344 -1768.2797201813028 743.3825625897622
8584982285 -2892.6964316662793 2182.4561837311194
9888800814 -2740.5973619605115 2183.1789507540643
8584982293 -2529.587005336375 2183.534774519535
8584982289 -2736.1686356340506 2183.1900702468592
8584982299 -2383.0699757145017 2183.7794033578507
8584982303 -2105.1673977347714 2184.25754154248
8584982305 -2004.5061384642424 2184.424333932816
8584982307 -1968.7995322745487 2184.479931395998
6755453629 -2769.402536110663 2169.935634990792
8631844652 -1148.9961508268855 757.1484945088408
8631844653 -1148.8208470748448 668.9931566643268
8631844655 -1131.3181514188984 668.9486786939393
8631844654 -1131.4104165512804 756.9817021185052
8631844656 -1114.6550684674958 756.8260292209636
8631844657 -1116.2328022360296 668.9042007235519
8631844658 -1082.1223827041329 756.5146834266709
8631844660 -1081.4488472365913 589.677815489439
8749777198 -1816.2668155254812 564.4143281552663
8749777199 -1815.7316777568096 584.8297166871771
8797380979 -2640.4527878522076 1546.7214296261184
8797380980 -2641.1632293674875 1599.1498375393935
8797380981 -2513.080773228799 1773.5924384587145
8797380983 -2514.160275272977 1836.0728677404034
8973828726 -1233.2249903751524 1211.5910402121797
8973828728 -1209.2729619560096 1184.9487357880935
9000317042 -1270.2417615654356 2153.834609612543
9000317056 -1253.0896734205598 2141.7254821008673
9000317057 -1211.3950600054973 2141.7032431160687
9486067893 -2369.322471037791 2183.80164234344
8395837648 -1921.910392043288 2040.059960669966
7825015489 -1455.4178825748568 2205.4401750685133
1845375613 -1453.7294306492472 2086.7840688460815
4872973715 -1433.3203833377695 2156.9814260370135
7509139552 -1181.8978971141664 829.680945158944
9612221418 451.4994272140346 1470.9976845811566
9612221424 406.87078250093856 1535.6797734100642
9612221427 364.0320813598086 1572.5408915929002
9612221431 406.89846204043397 1508.826198626044
122786780 -82.31895146535152 1574.4979223018017
122793533 -801.6179263765738 2067.9476482728032
6766008644 -1278.4533583644923 1728.6252101243617
6766008647 -1278.6378886291652 1679.7439203714155
7023449902 -59.10504405828176 2177.307858627359
7023449904 -70.96111362062214 2194.776581603518
9831406154 -2872.1213072954024 2074.3747150329077
1719348916 -3818.429400282294 1971.3970934672786
1523114251 -2812.3335019259944 1974.4104759790068
9873233830 -1923.580390938502 2129.649713067575
9873233831 -1925.0381800288899 2153.323112950321
9873233832 -1942.660820298068 2129.38284524367
9873233833 -1942.789991482167 2149.631441385245
9873233837 -1981.9842196770949 2128.8379901030653
9873267931 -1926.3575714198512 2129.6052350971877
9873267932 -1925.9608313509023 2096.913926663266
9873267945 -1922.1779609268208 2052.135729704048
9873267958 -1975.461074825631 2067.658541463309
9873267943 -1975.1196938354906 2037.1466535918069
9873267942 -1975.6548316037117 2085.8611509552074
9873267944 -2003.4450894432698 2085.683239072077
9873267947 -1922.2425465195329 2055.927476701903
9926458796 -1959.8405879306617 2055.9163572098987
9926458813 -1948.3351259341896 2084.9715915419265
9926458814 -1969.0855541846856 2085.6498805944843
9873267949 -1925.0474065415726 2081.9915675077914
9926458812 -1947.993744943999 2081.368875918416
9926458809 -1947.9660654046438 2078.355493406688
9926458810 -1969.0486481313417 2078.4666883330515
9926458805 -1948.0860100760574 2071.4502884619546
9926458806 -1969.067101158014 2071.305735057207
9873267957 -1922.454756324347 2067.8364533456493
9926458804 -1948.3904850129009 2067.7474974048746
9873267961 -1922.5931540224544 2075.2309159678057
9926458808 -1947.8553472459105 2074.7972557535645
9926458801 -1948.4827501449593 2065.1677751065968
9926458802 -1969.1685928040533 2064.9453852530796
9873267959 -1922.3624911922752 2062.610291793909
9926458800 -1948.4181645522563 2062.365662954802
9926458797 -1959.868267470015 2051.7243084753954
7002648545 -2436.1039736067896 2241.3672558676813
9886129927 -2010.0789524524148 2273.191243873121
9886129928 -1998.9610040152438 2271.7679488120298
8308603736 -1913.5327180302575 2224.487866002515
9888728429 -1899.5084179187797 2184.6022458151556
9926458795 -1969.3162170161172 2055.9163572098987
9873267948 -1975.3319036402436 2055.9163572098987
9926458798 -1969.306990502126 2051.6242330410364
9873267964 -1975.27654456023 2051.5575160850603
9926458799 -1968.891797406597 2062.0654366533035
9873267960 -1975.4887543649822 2062.087675638102
9873267962 -1922.4178502709938 2065.5569573496605
9873267963 -1975.4241687722886 2064.8786682971026
9926458803 -1969.0209685919892 2067.680780448898
9873267955 -1922.5285684297419 2071.6170808515003
9873267956 -1975.4979808776625 2071.2612570868205
9926458807 -1968.9287034599413 2074.4414319888842
9873267954 -1975.5256604183248 2074.3302370617303
9873267951 -1923.3589546210067 2078.1775815235574
9873267952 -1975.5717929843472 2078.5000468114345
9926458811 -1969.113233724038 2081.5912657719336
9873267950 -1975.6086990363785 2081.535668308752
9873267941 -1926.0438699702895 2084.2377050261866
2355604695 -1767.9106596514125 2073.8187403995084
9954874586 399.78482030486225 658.8410598623434
9954874590 399.0651522687979 678.122260141867
9956376172 -2678.825856196426 2170.280339263468
9956376175 -2626.345449186196 2170.480490131397
9958617786 -1208.9869400449104 934.9825406909495
9958617788 -1260.5077900798715 888.5808978027112
9958617789 -1260.3878454067772 908.629343076357
9958617791 -1227.9751043306853 935.027018662127
9958617792 -1227.9381982785305 931.3131081114625
9958617795 -1227.818253605423 915.7902963522013
10104494057 -2610.4942995257065 2233.1165923106273
10104494064 -2628.762795642485 2183.367982129199
8584982292 -2621.335452524117 2183.3791016219934
10279471275 405.59752366841525 1323.7088847481434
10308144441 -374.1166603712122 2177.7303993488063
10308144443 -397.8749320560617 2204.1614334121687
10309983773 -1253.015861313635 2153.8012511349493
4872973683 -1284.856558564838 2066.7467430644397
10309983781 -1237.7644348988592 1319.4167605792807
10309983783 -1266.477344157051 1306.106727860032
10309983790 -1163.7216659914063 746.7406493741665
10309983794 -1186.8525347343045 675.0866386445498
10770246865 -2846.53618626635 966.7620507260016
10770246867 -2810.3774811333487 984.6644339156115
10801219775 -1229.3498548071975 642.3286132554417
10801219776 -1256.4481242462846 642.4509276745999
10821848091 -1567.2524496613507 606.5794443394042
10821848093 -1605.0996069940024 566.1044910402628
10821848094 -1567.6030571635656 587.7652627509246
10821848095 -1585.9638185239614 588.03213057483
10821848096 -1598.8163514748278 587.8986966628773
10821848097 -1605.0627009419031 587.9320551404704
10845990108 -1141.3842773873334 2015.3858064475753
3856140174 -1125.2932382588126 2035.3119373020636
3856140171 -1129.648152518056 2008.135897230167
10845990113 -1118.2995412059397 2085.81667298403
3856140173 -1117.5337406060862 2026.0938778837483
122702113 -2810.1744978437173 888.3473884563991
122769044 -2400.09289257698 564.3142527216969
11300201559 -398.10559488868876 2126.7920034525982
11300201563 -372.6127387073215 2177.7303993488063
11300201562 -372.0683744235654 2142.6817584701244
11300201567 -351.7608187018171 2177.6636823928297
11300201568 -398.0225562688905 2153.334232443115
11300201569 -371.69008737941004 2153.5455028038386
11300201571 -364.770202421357 2158.893978774738
11300201572 -355.64518079132176 2158.9495762387096
11300201574 -364.770202421357 2153.6011002670207
11300201575 -355.68208684485836 2153.323112950321
11300201570 -371.89307067123593 2158.9384567459156
11300201573 -352.2959564728557 2159.1386076138447
11300201576 -352.4620337111489 2153.445427369479
11465488502 -1209.96495045001 728.1043796688174
123226900 -303.9398003896611 1929.8769078581051
11733183104 348.6976162949714 1351.9857545932546
11733183105 405.45912596962694 1351.9412766228668
11733183106 362.48202712963746 1351.9857545932546
11733183107 362.22368475750494 1372.3233066771843
11733183108 380.5936726907031 1352.0191130716375
11733183109 380.1692530802871 1372.1453947940543
11749459321 -1433.5694991965056 2121.6436783488384
11759285758 -2776.7837466536703 1103.0425528213439
11759285754 -2782.7625271938005 1150.734056859511
11759285719 -2810.2298569221116 928.3219645853229
11759285731 -2864.140373400606 928.0439772686233
11759285744 -2811.5307952801077 1416.1341077751413
11759285734 -2840.6681238872807 1370.1105276363817
12053845953 -2812.2781428476005 1998.4063411488396
12053845954 -2930.9311022381953 1997.8503665154408
8895034944 -1330.2602302977684 1608.7126012303843
12068966106 -1388.9500811071928 1616.852069861074
12068966107 -1332.9082396021358 1601.4738115057698
12068966108 -1491.2075274711676 1602.0965030951454
8895034949 -1325.222554060504 1554.4383575353613
12068966113 -1460.2987080844503 1666.7118749680765
12137678021 -2051.6351680180646 564.3142527216969
12137678022 -2051.3491461080603 615.530635933814
12137678023 -2040.6648437941942 564.3142527216969
12137678027 -2034.464626906924 586.5198795721736
12137678026 -2018.0045273135765 595.6823415280968
12137678034 -2030.5618118137459 610.304474381283
12137678035 -2020.5602714774193 610.1043235133541
12137678037 -2030.524905760415 601.8870184346836
12137678036 -2020.6709896361078 601.9314964050711
12137678030 -2034.5199859869194 610.3823108300537
12137678031 -2017.8476765888747 610.0598455429665
12137678033 -2017.939941720898 601.8536599563004
12137678032 -2034.4184943409166 601.864779449095
724
122578755 122578751
4872973714 4872973701
122616727 122616737
3856395529 122685713
122685776 122685778
122616733 122685791
122691493 122691498
3856395531 122702111
122736861 122736880
122786762 122786771
122786793 122786802
122786826 2897997130
122793542 122793548
122799774 122728984
122906363 122906366
122906376 122685784
1845375583 1845375614
122930450 122728977
122930454 122930461
122930466 122930477
3856140163 122930485
122930501 122930508
122991453 122991461
122991461 122728990
123020063 123020067
123031658 1282071830
123042465 123042478
123042487 123042489
123070092 123070094
123070200 123070210
123070224 123070225
123112432 2435729721
123156534 122616733
3856395545 123006782
123184247 122685791
122736880 123224865
123224878 123224882
123152125 123184234
123006768 1719348892
123276988 123276991
3856395547 123303852
5226118018 1282071696
123312997 123312999
123224880 1282071830
123308837 123303879
123208224 122685789
123371028 123303874
123303877 1878675656
123377283 3856561291
123383172 122930459
122930456 122702111
123395912 1282071679
123156543 122728992
1845375569 123527343
123527351 123303883
122916958 123308861
123566605 123303881
1845375581 7412591545
3856395544 123006788
123208224 123583937
123584020 123395917
123371034 123614124
123308859 122593539
123619226 122691495
123303885 123395915
123566622 123070200
123371031 123566622
123652696 123374808
123652716 9831406155
3856395546 123006780
123156543 122728981
123665434 1282071695
4015221697 123006775
123371040 123338981
123668251 123668255
123308862 122769036
2435729724 122769010
122916958 123308860
123658088 123725208
123583933 3856580022
123652687 122930451
1414098700 123728746
123731726 123308857
123308855 122930485
123395927 122769018
123665439 123395917
123652664 123308847
123308844 123303885
6858378694 123308849
123308851 123303887
3856580010 1282071315
1282071347 1282071367
1282071484 1282071485
3856580015 3856395530
1282071679 1282071599
1282071708 1282071707
1282071750 1282071759
1282071753 1282071802
1282071850 1845375555
1326921217 1326921222
1326921220 1326921223
206199945 1326928691
1326921289 1326921293
1414098350 1414098358
1845375614 3860437376
1414098697 206182046
1414098718 1414098723
1326921289 4012879568
123006777 4013270092
1282071367 1282071371
123184247 123207612
123330290 123668258
1845375546 122593535
1845375623 2503840694
1845375552 1845375604
3856140166 1282071708
1282071709 1845375603
1845375593 1845375558
1845375597 1845375564
122578755 1845375545
122916958 1845375616
122593535 122593544
1845375600 1845375622
4012879584 25522201
123725802 1924738736
3860437376 1414098582
2355604711 2355604709
2355604681 3860437374
3860437384 4872975489
3860437386 2355604835
3860437385 2355604855
2355604682 9926458790
2355607981 3856395527
3856395528 6788378785
122728979 4012904724
2435736056 3856580018
2503840694 6238560434
2435732619 2524078166
2763479379 2763479363
3577630783 7023449896
3695442489 3695442488
3695443163 3695443166
3695444746 3695444745
3695445565 3695445568
3695448266 3695448265
3695771607 3695771606
3695877350 3695877349
3695922983 3695922984
3695928038 3695928039
3695992482 3695992483
3696071070 3696071073
3696071071 3696071074
3696071072 3696071069
3701220418 3701220404
3701220435 3701220436
3701220402 3701220400
3701220401 3701220415
3701220452 3701220451
3701220438 3701220432
3701252359 6790538738
3701252345 3701252335
3701252350 3701252348
3701252334 3701252343
3701252367 3701252373
3701252329 3701250323
3701252333 3701252325
3701252366 3701252372
3701252330 3701252347
3701252331 3701250324
3701252346 3701252336
3701252332 3701252344
3701252351 3701252354
3701252376 3701252381
3701250319 3701250322
3701250315 3701250318
3701252523 3701253627
3701410612 3701410613
3701418786 3701418787
3701422773 3701422772
3701420204 3701420206
3701621524 3701623525
3701621523 123006782
3701962318 3701962315
3701962313 3701962312
3701962320 3701962312
3701962314 3701962316
3701962317 3701962319
3701962316 3701962322
3701962321 3701962314
3701990657 3701990656
3702015026 3702014122
5226118019 123303852
3856395547 5226118018
123308853 123374808
11197240009 4007179755
123374808 4007230462
4013270098 5226118019
3856140170 3856140177
3856140178 3856140170
3856134156 3856140158
3856140176 3856140172
3856140157 3856134154
3856140179 3856140175
123374808 3856140168
3856371898 3856371897
4013270102 3856140166
123308853 3856140166
123289711 123184237
3856395529 4013268988
3856395532 122685713
3856395531 4013270091
123374817 4013268981
21098528 7477827495
4007262505 21098528
4007262506 3701962320
123308862 123695628
4012879559 123184234
1326921286 25522201
25522201 1326921289
3701962320 9524366543
123725804 4012879582
3860437388 3860437376
3860437376 3860437377
3860437377 4872973701
3860437374 9568547365
7559319053 4007262513
3860437388 7023449895
3860437382 2355604780
3860437377 1845375541
4013268980 21306056
4013268984 123006801
123289713 123184240
123184237 122728975
3856580005 4012904725
4007179755 3856371898
4007230462 9702163606
3701962322 123383172
4007262513 4007262514
4007262514 3860437387
4007262511 4344795005
21098528 7477827493
6755541754 6204560094
4007262508 123695628
4872973701 11197240008
123695628 4007262507
123383172 4007262509
4007262504 3860437376
4012833666 21300149
21300149 4012833665
25522201 4012879560
4012879560 4012879559
4012879566 122906363
4012879565 4012879567
123725208 4012879565
4012879562 122736861
4012879568 4012879571
21300147 4012879574
4012879572 21300149
122991453 4012879566
123371028 123725208
122793530 4012879576
4012879571 21300147
21300149 4012879569
4012879574 122991453
4012879582 4007262511
122906363 4012879562
3695444746 4012879572
4012879563 123371028
4012879567 3695444746
122736861 4012879563
4012879576 123725802
4012879575 123566618
4012904727 123184249
123184237 4012904737
123184243 4012904728
4612930793 4012904726
4012904726 123184249
4012904736 123184243
4012904728 4012904727
4012904737 122786771
4012904724 3856580008
4012904734 4012904733
4012904733 123184243
123184243 6755787409
4012904735 122728979
122728979 4012904734
3856580023 4012925101
4012925103 3856580023
3856140168 4013270102
4013268983 3856395527
4013268985 123374817
4013270094 3856395546
3856395528 7509139553
4013270091 3856395544
3856395527 3856395528
4013268981 3856579997
4013270095 3856395547
3856395545 4013270094
3856395546 4013270095
4013270099 123308853
4013270093 3856395545
3856395544 4013270093
3856140166 4013270098
4013270090 3856395532
4013268988 3856395531
123006775 4013270097
123006788 21098527
4013270097 4013270096
4013270096 123006777
1836582997 4013268984
4013270101 123308865
123006801 4013268982
21098527 4013270089
4013268982 4013268980
123308865 4013270100
4013270092 123006788
1523114346 1836582997
123006765 4013270101
4013270089 4013268987
4013270100 123006775
123374817 123006801
4013268986 1523114346
123725802 4052263894
4052263894 123070225
123070225 4052263895
4052263895 123725804
4012833665 122728975
9831406155 4606001020
4612930793 5928065057
4619342449 4619342447
4626829754 4626829753
4872973673 4872973675
4872973677 4872973676
4872973678 4872973679
4872973681 4872973680
4872973681 4872973682
4872973684 4872973685
4872973687 11197240007
4872973694 4872973698
4872973689 4872973690
4872973699 4872973691
4872973693 4872973692
10309983772 4872973696
11197231551 4872973698
4872973703 4872973702
4872973712 3695928039
4872973714 4872973713
4872973716 4872973713
4872975426 4872973717
4872973719 4872973718
4872975421 4872973720
4872975423 4872975422
4872975430 4872973718
4872975428 4872975426
4872975432 4872975431
4872975434 4872975433
4872975436 4872975435
4872975438 4872975437
4872975439 4619342449
4872975441 4872975440
4872975443 4872975442
4872975444 4619342449
4872975445 4872975444
4872975446 4872975445
4872975449 4872975448
4872975452 4872975449
4872975454 4872975453
4872975579 4872975573
4872975587 4872975585
4872975589 4872975588
4872975591 4872975590
4872975593 4872975592
4872975595 4872975594
4872975597 4872975596
4872975599 4872975598
4872975601 4872975600
4872975603 4872975602
4872975605 4872975604
4872975607 4872975606
4872975609 4872975608
4872975611 4872975610
4872975613 4872975612
4872975615 4872975727
9926458789 4872975616
4872975723 4872975618
4872975727 2355604681
4872975727 4872975725
4872975731 4872975729
4872975729 4872975727
4872975737 4872975731
4872975748 4872975738
4872975750 4872975749
4872975752 4872975751
4954111091 4954111090
4979368527 4979368524
4989775106 4989775104
5097194843 5097194844
4013268987 1523114346
4012904725 4612930784
4612930784 7509385783
122616727 123184249
123184249 123584033
123308868 123308862
21098527 123330296
5752189521 4013268983
5226118018 4013270099
5226118019 5226118018
5928065056 4612930784
3856371898 3856140168
6204560093 8584982302
7412591545 9360391493
123566618 123566622
1282071696 4012904735
1282071699 1282071696
1282071696 1282071679
1282071679 3856395532
6753679567 6753679570
6753679569 6753679571
6753679572 6753679573
6755315244 6755315245
6755315246 6755315247
6755315249 6755315251
6755315253 6755315254
6755315256 6755315259
6755315261 6755315262
6755424708 6755424711
6755424715 6755424716
6755424716 6755424718
6755424711 6755424712
6755424712 6755424715
6755431535 6755431536
6755431538 6755431539
6755541742 6755541745
6755541746 6755541747
6755787407 6755787408
6756953242 6756953243
6756953245 6756953246
6757133688 6757133689
6757133691 6757133692
6757220804 6757220806
6758495294 6758495295
6758495296 6758495298
6758705306 6758705309
6758705315 6758705316
6758795208 6758795210
6758795211 6758795212
6758952224 6758952228
6759219561 6759219558
6759219561 6759219557
6765966442 6765966447
6765966446 6765966445
6765966447 6765966446
6766008645 6766008646
6755541749 6766568883
6769151264 6769151267
1282221660 6769491938
6769584442 6769584446
6776804183 6776816386
6787881485 6787881487
6788356281 6788378785
6788356284 6788378787
6788378788 6788378789
6788378789 6788356283
6788524346 6788524347
6788672014 6788672015
6790204144 3856371897
6790538738 6790538737
6790538735 6790538737
6790538737 6790538736
6804858484 3701252365
9685159165 11197240009
9679818635 7023449896
6858378691 6858378689
1845375568 123725804
8584982297 7002603478
7023449896 4012879575
7071705588 7071705589
7071705590 7071705591
7132473808 7132473811
7132473812 7132473815
7165373846 7165373852
7165373855 7165373856
7181986514 8584982308
4012904725 7190732875
6753679576 7205838931
1980745813 7241407397
7278889673 7278889676
7278889677 7278889678
7278889679 7278889675
4012879569 7412591545
6790016529 7425580134
7425580147 7425580148
123006775 7451660898
3856580006 2763479364
7506738839 7506738840
7509139550 7509139554
7509139555 3701253627
7509385781 7509385780
7509385782 7509385781
7509385783 7509385782
7509385783 4612930793
7509600090 4872975573
7509869392 7509869393
4344795005 7559319053
1282071708 1282071709
1282071708 123308862
7742641974 7071705588
7818449428 7818449429
7818449430 7818449431
7818449432 7818449433
7822554691 7822554693
7824977981 7825015487
7824977982 7825015488
7828195051 7828195058
4013270100 7828444415
7829203213 7829203214
7829203217 7829203214
7829203214 7829203217
5652148814 8584982287
123006801 123048756
6753679575 8348275131
8395840617 8395840621
3701422773 8395840622
8408683385 8408683387
8410548530 8410548534
8410563234 8410563239
4872975750 4872975752
8410563241 8410563249
8410563242 8410563250
8410642912 8410642913
8410642914 8410647920
8410647918 8410647921
8410705359 8410705368
8410786264 8410786274
8410997887 8410997888
8411039057 8411039063
8411402186 8411402189
8460028425 8460028427
8460301575 8460301580
8460976671 8460976675
8461016193 8461016194
8461016196 8461016197
8461016198 8461016207
8474239342 8474239344
8584982287 21098528
8584982287 8584982285
9888800814 8584982287
8584982293 8584982289
8584982297 8584982293
8584982297 123383172
8584982299 8584982297
8584982303 8584982302
8584982305 123695628
8584982305 8584982303
8584982307 8584982305
6755453629 4007262506
7477827493 6755453629
7477827495 123006765
8631844652 8631844653
8631844655 8631844654
8631844656 8631844657
8631844658 8631844660
8749777198 8749777199
8797380979 8797380980
8797380981 8797380983
8973828726 8973828728
9000317042 9000317056
9000317056 9000317057
122728975 123308853
122728975 122728979
9360391493 122793530
8584982302 6204560094
8584982302 9486067893
6204560094 4007262508
8395837648 9926458790
2355604681 8395837648
2355604681 4872975594
4007262509 6755541754
9486067893 8584982299
7023449895 8584982307
9524366543 3701962322
7825015489 4872973701
4872973714 1845375613
4872973713 4872973715
4872973714 4872975426
4007262507 3860437374
9568547365 4007262504
7509139553 3856395529
7509139554 7509139552
122685713 1836582997
122685713 7278889673
7278889673 4013268985
9612221418 9612221424
9612221427 9612221431
9612221424 9612221431
9612221431 4012904736
122786771 9612221424
122786771 122786780
123303852 123006777
123303852 4013270090
6858378689 9679818635
7023449896 122793533
123566618 4012879569
9702163606 6858378691
6766008644 6766008645
6766008646 6766008647
7023449902 7023449904
123006765 9831406154
1719348916 1523114251
9873233830 9873233831
9873233832 9873233833
9873233831 9873233837
9873267931 9873267932
8395837648 9873267945
9873267958 9873267943
9873267942 9873267944
9873267947 9926458796
9926458813 9926458814
9873267949 9926458812
9926458809 9926458810
9926458805 9926458806
9873267957 9926458804
9873267961 9926458808
9926458801 9926458802
9873267959 9926458800
9873267945 9926458797
7002648545 8584982297
9886129927 8584982305
8584982305 9886129928
8308603736 9888728429
8584982289 9888800814
9926458790 9926458789
9926458795 9873267948
9926458796 9926458795
9926458797 9926458798
9926458798 9873267964
9926458799 9873267960
9926458800 9926458799
9873267962 9926458801
9926458802 9873267963
9926458803 9873267958
9926458804 9926458803
9873267955 9926458805
9926458806 9873267956
9926458807 9873267954
9926458808 9926458807
9873267951 9926458809
9926458810 9873267952
9926458811 9873267950
9926458812 9926458811
9873267941 9926458813
9926458814 9873267942
4872975612 2355604681
9926458789 4872975612
9873267947 9873267941
9873267945 9873267947
4872975594 2355604695
9873267958 9873267942
9954874586 9954874590
9956376172 9956376175
9958617786 9958617788
9958617789 9958617791
9958617792 9958617795
10104494057 10104494064
8584982292 10104494057
10279471275 6755787409
10308144441 10308144443
9000317056 10309983773
4872973681 4872973683
4872973696 4872973698
10309983781 10309983783
10309983790 10309983794
10770246865 10770246867
4872973718 4872975428
10801219775 10801219776
10821848091 10821848093
10821848094 10821848095
10821848096 10821848097
10821848095 10821848096
10845990108 3856140174
10845990108 3856140171
3856140170 10845990108
3856140175 10845990113
3856140174 3856140175
3856140174 3856140173
122702111 122702113
122702111 122769044
4872973701 4872973714
11197240008 6858378691
6858378691 4344795005
11300201559 11300201563
11300201562 11300201567
11300201568 11300201569
11300201571 11300201572
11300201574 11300201575
11300201570 11300201571
11300201572 11300201573
11300201575 11300201576
11300201569 11300201574
11465488502 3856395527
123184234 123184237
123156534 123226900
21300147 123156534
123184234 123156534
11733183104 11733183105
11733183106 11733183107
11733183108 11733183109
11749459321 4872973715
11759285758 11759285754
11759285719 11759285731
11759285744 11759285734
12053845953 12053845954
8895034944 12068966106
12068966107 12068966108
8895034949 12068966113
12137678021 12137678022
12137678023 1282221660
12137678027 12137678026
12137678034 12137678035
12137678037 12137678036
12137678030 12137678034
12137678035 12137678031
12137678036 12137678033
12137678032 12137678037
