2910.938658232628 3010.3024125995303
975
42427786 467.9656012552443 1634.4431072556013
42427797 196.50729762816837 1786.201943140607
42429373 -144.78731165778586 523.8281799297612
11728146526 -792.9808011721409 881.7757682915475
6211332483 -906.9787954817398 946.3466621940909
42429388 -895.738251141936 944.4007509779836
42429874 354.38049036555526 1428.7324929634494
42429876 488.8878438589262 1353.131062337646
11062719791 -740.2159670686111 651.3576412986223
42430824 -770.6176792134487 577.3574176170404
42431491 100.09477246180849 590.6674503362892
42431490 -60.693883832006144 677.0547888462461
42432436 928.5161503043779 2470.0618614972273
42432451 1471.4496082767653 2169.1350315190766
9753722444 1043.230371136553 2783.965139414744
9753722445 849.9166018709082 2891.4016775387818
42433625 -174.64974735029656 2814.15456199837
9664959634 24.267442099731117 2702.904037890888
42434072 1127.1721272261475 2828.2651981901236
42434074 1263.2551788286592 2753.1863837193364
42434352 305.2557725176623 373.84846287210684
42434354 386.07141040168045 521.5375644409779
427841071 -614.2359231668062 2361.4244181656154
42434465 -568.734469267952 2304.02559703171
42434800 392.2056804854707 1497.2508067621795
42430279 120.6378362940182 1647.7864984532332
358447541 -723.0855123028673 2027.795160260749
42434821 -835.8869869286323 2181.4443098986803
42436575 412.3442869413639 1216.7616043007388
4597668029 544.9388941166792 1141.8051042498998
4597668019 278.9828959723402 639.5153816108523
42437021 289.8695401343658 659.0745692078655
42437280 327.1301751816053 725.035399693117
42434357 457.74462651488415 652.3139176678793
42437529 590.903788752582 748.3307368255937
42437530 626.0663011812985 812.9349892057302
9971314382 627.9537688977016 2003.3767543694696
42430304 392.10456614344383 2134.8313966489286
42438173 504.3499119934723 881.3309885853022
42438684 -1255.2165886608173 2501.1964409573143
42438672 -562.0019393292537 2118.107679681304
42438849 468.892482723884 816.0484471518179
246539423 627.0774446010154 728.23781358077
42439170 664.9026346969245 707.2219724450723
42427369 121.45517722516216 1009.3274686452074
42428183 223.235188714603 953.3074646020059
42439272 12.799390468546003 814.1803723844813
42430259 -256.68718354706584 964.0488945157717
42437654 150.6266649130896 2269.1659875281634
4461990857 109.64165159238185 2194.9989714562457
42437890 -272.8823306673787 1501.6207673790227
8836214006 -301.9695563995331 1449.1701204809488
42434268 195.18438498680138 1143.4952671348963
42428198 249.21314843022054 1113.8618191838805
42440710 -103.87813409378326 601.0419369917903
9907956916 7.490887509677754 539.1508408218837
6213204061 -1088.1841222679113 668.1591947150181
42432205 -763.6913467908898 730.0947688553123
4207937591 541.8296281000603 2325.1303941081833
42430314 505.63069365844984 2345.9794428543346
42445365 795.3064310374222 1909.0389786047476
4207937589 754.7258751390339 1931.5337122647186
42437686 506.2626582968679 1703.4395592389599
42445404 640.8711260869834 1628.7832854896192
42430255 -331.76458252477937 827.5015245965245
42445867 371.9912382720288 1143.0393679358565
42445879 451.23117764901207 1284.846257885228
42438544 429.6516918199503 1565.202026433926
42445888 564.6561908085614 1490.2900043534744
3799572065 7.533018485437253 2249.4066490632217
42435642 -130.02461771493208 2327.298695177808
42446701 620.3027836876608 1909.4281608478113
6224277869 369.30328201175183 2049.1223471915296
42428170 173.82398022450948 725.6024938193107
9510853474 83.15812016370506 775.8403616773719
42446925 644.3090137138603 990.7690353886289
42440325 603.1976075008114 916.7132142430751
42437881 236.1946768899538 1217.4176543677077
42428201 274.85406033905207 1196.7020395342984
42436407 -1140.2411559002435 583.0950758317931
42443680 582.1995291461917 1840.2649164749064
42445899 716.9259636390309 1765.8199130862895
42446291 1273.2317938774952 1097.2715361289982
42429910 1197.1853827038112 959.7790093324979
42430813 -806.2520585505378 498.0420764413625
42436400 -1159.545568983581 426.6438140428568
42430643 -727.4502813968471 2941.3949165577365
4207921706 -400.1010253581738 2760.6142048190854
42443556 1049.6342794527502 2688.7711627143344
42443807 1261.1823348233238 2570.4597607645783
42446488 891.1712533669133 2402.11064182469
42445914 1025.7881471716332 2326.9206324275387
42453187 1549.223389320016 1388.5800049521852
42442913 1349.4551551145298 1502.1656225196277
4597668039 425.0425630627661 924.6747709906346
42428192 238.84050217377614 1030.1098004353828
3008856931 306.06468725398815 1364.795410143076
42428212 272.7222329602383 1383.3427239068599
9907978318 -149.49755475991907 626.5500531642795
5416901182 -310.7496517677257 716.7291386728814
42454378 85.22253798187462 944.7454552506596
42435610 -662.9898883931415 1361.537398792241
42454428 1011.7838108262004 2620.1305344964458
42430338 739.4576095046905 2770.2992829300247
42446932 799.3257261300613 1270.0462131489116
4597668023 245.04218182103156 600.2969309832565
3670742444 260.8665763532651 591.6459656903451
42449333 -21.40253573970608 748.2640198696173
42438785 136.90881917195625 657.1397774845525
427840998 -587.6849821984865 2402.0661638535125
7502121831 -584.7021091093903 2409.7052553139847
42456543 362.84881651108554 789.850922434767
42453310 434.60629458008805 920.0601815354748
7372860100 343.3674532761034 1409.1733053664361
42453624 314.9121921842881 1359.9028333704266
11817409610 1333.664465424765 2341.2981364424086
42445916 1104.8764148618257 2469.683798746167
42442906 1274.007003830036 1365.8628814386968
42449926 1086.0438687010326 1470.141483645469
42436404 -1149.9902636859913 503.81309313370815
42433272 -788.8519655428296 573.821418949506
42452973 739.9379026291857 2126.5140161358986
42445908 874.4873869539301 2051.779905938578
42430329 657.554992513601 2621.40927615279
42428283 482.6945904100495 2718.9161073275723
3786901738 897.2549662712846 1755.3898289668164
3786901743 937.953488879689 1828.1335499776428
42445917 1147.925845876406 2544.6069403194133
42455887 1018.8870933402549 425.1093240546115
42442881 817.7453887508424 536.9603007666699
42439952 190.90387783826498 2341.398211876768
9665062199 -9.883926938085986 2453.238069096032
42446889 947.6604656991656 295.40044212412096
42434355 421.6805111896724 586.5087600793792
7372860099 325.6977220025382 1362.7383039998144
7372860102 320.3892190449337 1352.7418800945825
4205565500 188.43500265321302 507.2267773820844
42428493 140.25401865573588 465.38412648582386
42434285 -1032.4869723167615 1825.9207709376306
42434279 -797.0759320203528 1696.100694079986
42427390 -1106.8060135490969 1691.7084944775538
42427386 -870.645041961045 1560.9321412514423
42430600 -1076.6486611066011 2313.010147104503
42436943 786.6105976312888 5.704299737159518
1701844618 -715.9653773899662 2400.2203280717645
358448394 -474.68127880370935 2275.581934795474
427841073 -605.7086136585334 2365.1828066858775
387184869 1128.0147467412864 624.37063260186
6331080435 1151.1278000328496 611.138436331382
390519635 700.5201616561434 771.7595078692326
8699785164 663.2932314202212 792.3528082842737
42439178 853.8010778397963 602.442993068083
42427374 -388.2200901682721 1292.7410976768115
4205565498 205.90250524561824 479.6837940519228
42431452 214.43824095494742 524.7177393430421
9470120002 263.79046607793947 1151.1010001169857
8264701247 242.70812575804527 1086.7191375903667
8265964352 212.6097566033435 1175.8641102809408
42428287 503.4483091101073 2804.024704181184
4207913305 -531.2463269679697 2283.4434161094637
42437688 -484.9612369099681 2257.0346210316898
9584459602 -447.26243972399755 2235.763031564091
9584459603 -294.34384976945154 2149.186661679
9971300879 -265.8380315040739 2786.622698161792
427840967 -228.627953624363 2824.6402435810246
427840979 -395.9469111392518 2697.0996627201594
427840973 -300.4949722446637 2734.7725038667145
427841043 -385.11925034648607 2716.1251146685713
427841050 -464.7636470895325 2673.4707408078007
427842125 -332.3544161864613 2744.568776904808
427841034 -250.5107824863021 2813.6208263505587
427842140 -346.2829168045753 2756.0885713047005
427842141 -259.48468034449564 2772.2785526245157
11142777751 -296.7453153932516 2792.938569994743
11144690835 -378.074951183159 2738.2195465926843
427841052 -492.44369821969525 2644.548940387726
427845226 -514.0737412162391 2539.647646591578
427845228 -514.7815416102476 2557.772419633915
593976795 -514.9837702942499 2570.304087867037
42434427 -439.105882799301 2595.7010091123725
9971314388 -377.5272484972663 2561.897751412442
42445649 853.0679988601655 2332.78060506145
42428272 449.1246288572218 2559.718330850813
427840965 -216.46895399065116 2854.184735590475
595142429 923.957578724634 1819.1601193976442
561042196 1129.0427425494631 2190.962595619284
561042199 1165.005743440498 2249.784711814281
561042197 1154.658375799642 2217.5493025801884
3842775636 1304.189634826492 2397.607247295104
3786902260 1394.4847419257776 2562.3425311194774
10792226610 -642.7838723873002 2343.433079034441
11509842343 -590.7268386526171 2393.026016317537
42428227 330.896684423393 1800.6906420818407
42446933 951.755596544854 1544.8199963803984
42440323 472.4736156700125 988.7675267085494
42428216 283.9964820999861 1467.950943591045
7369969947 287.67872938930145 1465.9049569405781
593886214 1363.7459820675456 1779.4968890638029
4215926836 1401.6975649622932 1758.1808216258166
593886220 1349.2445002354104 1787.5696407377266
42449685 1319.3230812976865 1893.8052736541904
42446942 1185.5235286221562 1967.7498998725903
42426816 1396.4396191973556 1855.9434011317096
1701844605 1362.0270382597766 1869.7538110211758
42449932 1281.4978913117889 1825.1090479731201
42434948 836.0639370284558 1982.4053912049496
42434946 701.834648101478 2057.373010748583
427842134 -331.9078278425651 2812.2753677382384
42430646 -689.6756484786329 3010.3024125995303
42435646 -10.566448746108282 2543.6729029357452
42439955 228.5099868929689 2411.428776677364
42430633 -806.9430065534043 2799.8326554466817
9971314389 -764.0283945977143 2775.9257462184137
42451695 -685.1170768948772 2456.0068227694446
42451674 544.0204388440674 1771.2462255067494
42430292 273.2530832556757 1922.9717029133722
427840984 -459.2360630586892 2663.7189457408854
9423683656 -522.3988220425266 2555.2705337844086
427841023 -231.36646705558474 2893.458783681253
42423685 -305.2557725164649 2830.1555119430495
8835121396 -328.0233518694039 2788.5908483626986
42434429 -358.0037542870077 2737.407823628174
1533280147 -401.19643073111166 2671.813936401187
561042188 883.6466610908763 1762.862128037743
42443811 1376.4274057491332 2779.850927129012
42428264 410.92868615303934 2399.842265320706
42430311 469.8362165830566 2277.9281477482286
11355997383 339.7273369628302 1862.5372602821499
7369969942 335.6322061097745 1819.9718423621541
4320028826 -871.3612685489135 348.1846738020763
42454742 -966.8469120668391 836.9530933611518
42429378 -842.6532216424488 905.2934952767516
42432214 -874.4536821717049 975.5019719604783
42433278 -820.3996402244153 718.7528863377595
42422830 1448.5724884932263 822.809098691804
42429918 1285.1380076123432 911.1201094330694
427841057 -524.5559280055718 2561.9644683684182
9051115967 286.04404752606854 1945.9112162795884
4207683795 1206.3783616076885 677.9888262299143
9832349990 1343.23662310164 602.131647273
42430607 -962.2714880973416 2521.2782447093437
6656308648 -833.3254236000623 2449.0237813759404
8265964369 139.756873141317 1042.9861729403906
42435422 33.17393039706706 2056.98382850552
42435420 -5.333781544085624 1986.708634865817
42453005 1172.0584687788514 2246.048562278817
8122411159 1211.299259572433 2312.8099962365745
42434951 980.9860675379877 1902.5229559030781
561042190 922.5335517426629 1837.1403390360244
561042195 1116.0748282151908 2186.5592765240576
561042191 965.0100015242851 1911.329594093531
42430629 -849.3520467940267 2726.777588641562
42427381 -627.8863593355891 1425.9970977676305
6804917583 1012.6095779513105 514.6323594962448
42442910 1312.4810108443914 1434.7036605245141
42435654 103.02708838274361 2749.617026574209
42435657 140.87755709862483 2818.402208196844
42430333 697.8322053992212 2695.3539023711905
42430342 778.0074523721452 2839.918426501969
42435632 -396.0058945055333 1845.3910025930782
9469803473 -305.070396222923 2008.4694820100483
9971300853 -416.8944323323814 2636.2426793674904
11144700326 -386.81291557455535 2674.260224786722
427842070 -336.8118734319336 2725.676758867558
42443674 -834.5556480933998 1625.781022469895
42443676 -1070.7166197204288 1756.0681180193737
42430265 -112.91944151404229 1224.8454754682464
5849918502 -591.9823417333193 1490.8904569580513
42434271 -553.5673179671178 1559.831311477438
8913108827 -849.0824085493705 1599.6724536944093
42442889 968.0097269998669 810.2996694442709
8119192797 945.6634574472221 769.6690432483783
1729087000 1419.5863772337614 1460.845587778383
1729086998 1439.5227549199433 1449.7372146063526
42430818 -783.3833648833116 548.5356926305346
42433264 -757.4559623711525 431.53639081471596
42437363 459.2950464261609 2828.1317642781714
42439972 417.3241682868736 2754.398408419704
10598594003 546.0595780744735 2780.228989879281
42429663 -942.1244554810437 1431.52348562245
42429657 50.01789454803925 879.4406748315866
9470272149 1348.9748619914308 1026.9073865477299
42451787 1089.9704756415033 554.9961178682322
4207683794 1136.0533369123161 642.8401099176634
42435596 -850.6328284576373 1016.3994659802762
9097308661 -831.8845442282546 1051.7816916380493
4015192893 1020.1931535892919 781.8337682232352
9971262455 1113.2773314252718 730.1058883481065
593915295 -945.6803098365336 2779.8175686506283
593909446 -940.4729212303015 2560.985953014362
10279559005 78.97030116345408 2706.2510051824975
42437663 -330.1214744669772 2535.8781385777315
4207913306 -360.80125108403786 2479.1909649747668
4597668020 848.9560156223001 1692.4646199788817
42445909 912.4979533113717 2119.642169669549
42439440 70.50197501434768 2124.256759125499
42435644 -89.17442351690866 2401.421233279338
42435660 178.94710688943374 2887.1651508331006
42437644 661.8102210718597 1985.007352488026
5475605304 396.6799901210359 2716.258548580524
42430828 -733.9300254768054 666.658063205156
42432208 -788.2958366628752 784.9027481989357
42432194 -638.1410388514558 454.3313507769751
42457721 -543.5738504991627 472.1558975186043
42436582 685.5046818733649 1063.623951325819
42436586 820.3069520795632 988.9899165620673
42436590 1008.7251019862432 884.3999685602124
42456555 591.6200153423168 1204.9638225841463
4597668042 582.5618555384007 1209.9453552975708
42436746 603.02065740205 1559.9758648821855
42429888 629.9676295424556 1274.5384881857033
42436748 744.7155552865161 1481.260976310294
5244228885 -571.1949182567087 862.1943417097356
9907978323 -434.1597062350742 784.4579684919003
9907978327 -656.7713563618942 907.817620111847
9907978333 -811.8133473568505 995.1723544838553
11766549309 -55.53705238567115 1328.834970866315
42439823 -613.4522870161982 884.6334779065244
7956044490 -682.1847609781996 756.8149097281693
4115878744 855.2588096019972 1050.4362330257284
2703104396 -131.96264260458315 1788.170093342303
2307164599 -156.01100362731876 1801.7581133782517
42434810 -356.8325131583613 1916.3556047781333
42442898 1158.905178153283 1160.5080909112253
4207683798 1104.6404813972717 1060.0323551951028
42436754 1199.0138670508097 1228.5371470325324
9510729384 1043.9044667494236 1314.579781269813
1692450029 889.3427690184278 667.0138869698363
9566279635 490.19390411034857 1621.98927547204
42436753 1010.2165385284914 1333.2716484391344
42436751 875.7091852524118 1407.7944882765228
42445413 1048.3450715943957 1402.1346665097503
9549750338 1184.4281232535257 1326.0550977001087
42445409 782.6418597100244 1550.1907113368861
42442902 1236.973876177326 1297.867183795773
42445417 1437.6352872107648 1186.6277791802956
42445661 1395.4369019770645 2031.2088445091254
11809757094 1300.574797110268 2083.9597177094874
42445651 987.7944332233817 2257.790746532228
10703807885 902.3949453176134 2305.693520931118
561042198 1153.0573987208581 2256.1005836472314
42446949 1299.6731942310573 2174.7948532850583
42442935 1622.2363700763667 1995.5375120410683
42430288 234.47573307511203 1854.164282305148
42430324 620.1679645646304 2552.635214022949
9647769356 557.7045797952801 2871.431068713116
427845236 -534.74319796332 2551.356472366605
2779131560 -505.7570865856545 2632.2396620081213
2779131559 -481.1188919124503 2618.740597913738
9971314390 -728.2254913525188 2755.9551373927484
42437670 -568.667059707026 2667.443975783554
2779131561 -421.8827398725174 2683.2225358747164
2779131562 -452.1496329218178 2699.5237121208947
3270031028 -638.2505793892866 2803.168503246287
4604283240 -509.919626998301 2552.0792393903403
7502121832 -591.4514914370186 2413.5970777469897
3430331122 1144.0329437180817 809.6436193773023
42436598 1209.2601203474635 773.6053436517706
3430331121 1082.311064249419 843.7471033787309
4207683796 991.6957615793256 854.0771120646345
42439826 -571.5235398678669 961.1800654080005
42449341 -1250.3041168931281 1430.8451965698926
42435599 -771.4434463393693 1165.089321888792
42430257 -292.75129888198427 898.8886675022359
42444933 -638.5707748057188 1980.0258197746014
9469550701 -690.5435465804901 1886.2996161056708
42444954 -370.60934226228335 2461.0550724388445
4557517549 -447.9618139222433 2323.762696511064
3601295727 1141.530363759203 616.7648996197706
3601295754 1174.5357701509922 674.5084250263519
3639381190 1317.6294160745663 2642.113771494195
100521835 1222.8599993107177 2429.4312353013343
3793071955 1016.5698896741727 1521.2244329464236
3789563970 1011.3372224832352 1511.728386210619
42437287 781.7402568285937 471.87791020190457
4205565497 759.4361182352354 431.53639081471596
3832902959 991.1227803093245 1343.5571791538607
3832902958 967.5968434366305 1356.6114635419985
42429900 1084.3249248905956 1022.1816021654164
5278266721 1133.3063972941661 995.1612349910611
3841254274 1142.5667857619558 1492.5695003502537
3841254263 1157.422167807977 1520.83525070336
3841253772 1161.4077581119332 1571.751407613979
3841253774 1158.6018351280263 1563.9455237631705
3841324403 1197.5645614856026 1571.5178982676666
3841324404 1204.600434432226 1584.0162080224054
3847026390 966.299209383134 1705.908086610083
3847026393 971.1779763780838 1714.72584429333
3847026392 937.2878194623484 1653.3128863072625
3847026391 933.1000004692 1645.4291660084734
561042200 1189.1383663395468 2325.0970356305897
42435624 -511.6638493987346 1634.932364933024
42437909 -754.532072649834 1770.3789050790572
8913023103 -772.4967207343187 1738.8996213455036
5607992553 451.8715684821742 2245.815052933295
42449308 857.8540777101829 1687.2273389343466
100522479 1167.1375708130583 2261.4045816485327
4138911201 859.4382024006237 1057.6527837655444
42449928 1162.014444163635 1607.7563248611273
42427483 -950.8371412723205 1974.032413227948
9913562560 231.04627164009102 1317.8155536358495
9421123761 -729.6158135532908 2375.2237085622874
2302133933 723.4141339150754 1132.475849904431
4166338961 1071.576091627503 1552.147742046578
4166338962 1078.6035383828853 1564.6126933229336
6223969260 354.42262134130266 1968.4170694331438
42445924 1300.6253542817026 2822.6498543945295
42445926 1338.7286087031055 2891.2348851484458
4202958491 1208.602877125653 2654.2006600202812
42444043 1224.5368121442843 2683.467164713033
42443950 777.2996519786863 2194.9211350074747
42438547 -81.0937023455339 1849.6386487907632
42434807 -119.08741638085051 1780.8868256465107
4597668043 735.1181189960705 1486.7540056867301
42456568 820.079444810572 1618.230886950988
9971262460 737.0308652982151 939.5192936981286
9971262462 675.4606572375328 973.5115827731935
42448693 513.6945624346323 1063.8241021937479
42436578 554.0307587025426 1136.7457350877046
4597668038 353.49573987246384 795.1215619576855
42428179 206.13001251493696 877.4169271667084
42432201 -701.253240633776 591.990669963021
42449067 -224.45698701388378 382.9108493936706
42430247 -494.97998296451425 532.5013842082615
42440721 210.9413699588876 425.87656904873404
4205565499 796.0816409929109 497.79744760225594
4205565501 832.6429017943187 564.0251459122028
4205565502 868.9092457596387 629.885900963885
9418022243 -241.4526226765087 1558.730481703434
9119739665 -144.53452580204348 1734.952201450107
9754548550 -450.4728200832981 1746.2162475188886
42435629 -433.9321989658314 1776.6614184344148
4205565523 -614.1179564343023 1450.5155790932695
4205565518 -686.675923001094 1318.927502901858
4205565514 -757.4643885658143 1191.064456753115
42435603 -735.0085784582732 1231.094630345221
4205565533 -537.2120731469552 1589.8984196419049
42435598 -807.9204451926832 1094.3804680356377
42429662 -698.9865941351828 1296.088064969211
4205565537 -456.9609903627788 1734.2627929047544
4205565512 458.91586764331043 1094.3915875284324
4597668041 504.70381218988587 1068.8834713559431
4205565503 344.16794181771286 755.9475893004773
3786901729 861.8817989965295 1716.493843627098
4597668035 204.63014977469018 529.6659135788733
3670742453 201.30180268162033 523.7725824665793
4205565526 -236.98673923461024 1481.1275423983416
9971262472 -69.2801767125459 1389.325010960719
42448707 1167.7442568635438 699.8052708373275
4207683799 1171.3675207759272 1182.8471516744446
5277845114 1029.1839038178064 922.172885141128
4207683800 1266.12851137167 1351.4075409750565
4015192894 1132.0087632417008 719.7314016926056
4207683805 1400.332521349971 1669.6363015390298
42434962 1315.3711957770458 1716.2825732663741
42445382 1269.4147274772329 1645.584838906015
4207913308 -279.1261412889391 2629.137323554828
42444960 -290.1223259888743 2609.655972406585
4491359481 -213.50293329007084 2745.3582608837296
9137045217 -239.2618119313162 2699.734982481618
42444964 -251.34497580789682 2678.018613307774
4207913307 -312.50230036348273 2569.103182659464
4207913309 -202.21183175889897 2765.3511086941935
4207915682 1357.8307930813123 2700.5133469677444
596775840 1388.2240789402613 2683.1669384115344
42428258 398.2641148123747 2317.513541633299
4207937590 392.4668925358062 2279.6294301252296
9551028264 569.2737457601489 2309.9189281432145
4207952790 1284.371223854494 2792.8718530387664
42428473 0.0 0.0
42429890 761.3994217075865 1201.316628990248
42429896 896.606149244343 1125.9931856811445
9913605332 1415.963113325494 543.6542353506795
5286408259 1090.0294590076458 468.56430138788807
4298764910 1095.000914145693 450.68415718307693
11817409618 1016.7973969429762 2519.08770465492
9971262463 604.7480274115411 1012.8523478199475
9971262464 547.6521289611666 1044.6540968405884
42432693 1087.838648268096 2758.890683456496
42430298 350.90047175946825 2059.2855634870975
4886228960 378.0496725991484 2108.3447651223837
42431497 -927.1679590779343 907.7953811262583
9417469211 628.1728499721721 2567.357422311285
427845235 -484.0090768549607 2523.2019169406526
9417458967 671.3655263876512 2646.9507508028723
42431459 481.7761351373036 375.4830282931313
42421889 -571.4561303069415 394.0970590136818
9807801426 -218.62605995481294 2748.0714170939596
4492821528 -957.5275402250671 874.2145132798457
4493840518 172.50106758191978 1967.8166168285666
4493840519 177.51465371012213 1976.4119846582962
4493840510 653.8474666408248 1853.3970373118152
4493840514 669.3937967200585 1882.1075673711673
4493840503 137.1531788318299 1819.5159431631143
4493840505 141.02922861231013 1826.6212989757762
4500012798 -111.6302336524857 705.3205391993525
4500012797 -126.09801076399523 678.1333796346613
5307048043 451.4755373087824 950.6721448405469
42446668 -609.6099420211117 2592.676507107849
42454381 -1142.6173429322375 1626.6594623903816
42439286 -1214.3242636282719 1496.561398216828
387180916 -1046.6682587580997 1227.5252732000934
42436439 -1072.5113992876281 1139.180903981235
5057315765 1101.2194461660017 1925.0732870270213
42446941 1147.420274167615 1899.253825060239
42445374 1067.7168942474768 1756.6129731599788
561042192 1040.8963150802342 2048.2883852414307
8842216739 1159.115833032632 1920.3030246735298
42445656 1261.4435468728027 2105.7094453609247
8536656980 1300.996106867433 2732.3595739587736
42434077 1338.576937190034 2711.6439591253643
593973909 -506.34692024714025 2356.064822701132
6636032331 -730.6016783874974 2659.64921142633
42430295 312.18210494802133 1991.056356497861
4769084859 339.4239939367232 1976.6899719749958
4443775465 -206.05417675809824 2189.594898021375
9666047678 1006.2646530013639 2713.067254186456
42439960 265.98970301774153 2478.8573801948846
10308251046 67.93198548705877 2589.0849109771334
4597668026 317.7181151761752 730.3060392160355
9625662426 269.5034264041307 757.1262555232521
4597668036 280.80295413033343 663.7336366342028
4597668032 620.9937316909462 1279.5422598847163
595403438 267.3463204400907 641.2833809446196
4597668044 809.807912909158 1623.924067195353
4599496700 -53.26197968868605 2314.122096370512
3799564971 -65.94340342452479 2291.0269101067543
3799564975 -24.090491999625527 2366.439309356633
4599496701 -41.035570492685515 2335.5715977204504
9971262471 8.097573562051478 1344.935996243774
9971262468 174.64132115562418 1251.832484164219
42439073 -693.3157647900989 736.1215338795588
4711654710 1059.535058756238 2228.390807927524
4711654705 1055.161863472309 2220.4070121943755
4711654711 1015.5924510357427 2231.4041904400424
4711654714 1020.2015797851423 2239.8550048650245
42432211 -811.8217735515107 837.019810317128
42435581 -989.0752148850503 836.9419738683574
42435578 -1043.1292567935445 771.7817468548214
42432199 -670.3122519911536 524.7510978214251
42433604 815.0827110801885 2263.661838659723
42445910 950.1714718562147 2188.4384707841887
42439840 -194.58612512795494 1643.5610912403467
4960503202 122.17983001011703 2095.557348558151
42430277 82.95589147958364 1579.5350524784083
8959187723 108.84958924644832 1626.9040912294881
9971262458 926.5107158564172 832.7944031042417
5266429277 824.5958854165126 890.771437857135
42448701 779.6168556482401 915.845893815383
42431844 -939.8156780076245 906.8724632353844
8307463669 -917.4694084522672 933.0366294748419
449581627 291.4705172165105 1316.825918788209
42430253 -374.1483442345408 751.5553896980451
10584037999 -403.0164888875612 699.7274343893471
4886239171 420.1216650836089 2188.4607097697776
42430308 430.7723757780324 2207.8086270060676
4886239172 451.9979614093938 2195.988606303886
42433644 -414.75417875937484 2945.720399204192
42439830 -531.9709797524815 1031.7666048419962
7956044495 -590.0358906492742 927.399046693659
42429374 -416.363582037064 674.4973055335574
4900161556 -828.9859330929015 2715.280033226468
11509842344 -599.2457219665755 2397.929712582981
61274119 -614.3370375087812 2367.706931520973
9583416934 -59.30356162836158 2841.4306775046252
9509518365 15.209282288694292 2888.7997162549154
2703228467 -576.9247309700593 2215.98145411435
2703228521 -731.0735453173445 2301.912893425267
42427821 -760.5230974100737 2318.013918803517
42443810 1299.723751401295 2640.75719338908
10125247902 1185.6583477448723 2523.980281426779
3639382769 1226.988834931781 2507.000816128043
8937823540 1134.208000175408 2520.5888361639923
42437358 970.7398142296911 2543.962009745239
42435650 27.022807920625315 2611.846512461799
10308291149 -176.29285540839402 2724.8983943814314
42442891 1046.9378970037228 953.9190366985871
9968663366 890.8510579507636 1040.4286896277022
5007848095 1215.883109730908 655.0715518484968
42434954 1110.1933440004761 1831.3026053877024
685164633 994.1983415400331 350.19730197416
3360772998 1061.388821689686 466.88525799568583
685164636 1428.417029734579 264.9886296869781
9971262467 315.21553521040624 1174.6409660877787
4763900906 340.56995648019256 1160.5303298968142
5227014111 1286.0143319065105 1473.6663628202089
5227014112 1275.8860453464858 1455.03009311486
42443671 157.41817822263653 1075.0325507993482
8842019586 1081.8223449309571 1781.72078759661
42445378 1203.5640124298172 1682.668346941579
42435645 -48.551736587545285 2474.7654068939514
42433620 64.60363839370913 2680.342587274941
42433611 303.47784533667647 2546.508373565133
42428268 426.6351139498872 2477.6008775233395
42439964 343.510698595084 2618.117906324362
42439968 380.15622139122206 2685.724421724223
42428277 463.6176845475219 2639.011433040902
5254361544 1179.3471275802033 1639.1466526531165
5254361545 1163.632273631637 1647.7976179460277
5254378181 1327.8588169737327 1945.355241646979
5254378183 1343.2029183218895 1937.037861133949
449581964 290.87225736012283 1295.2652225119066
42449893 628.8890765606351 641.9727894899714
42434358 493.37900588415084 717.3184717838739
5277924518 1282.7196896066234 1181.9464727683694
5277924517 1273.998577635394 1166.1679126779973
5278159383 1095.4643548789757 926.476128802785
5278159382 1079.7747795087587 898.399409824813
5278263670 1141.5472161496962 990.602242998293
5278263671 1130.028607381998 969.8755086720896
5278266420 1127.1974058112908 984.1640567461843
5282642709 632.0741783333054 555.2296272145443
5282642710 623.1592638481004 538.8061365492077
5340982006 1315.404900557999 1985.4743711798599
5340982007 1277.520727203942 1916.9115794107424
9971314375 1350.0365625792688 1600.8400004235996
5356470555 1282.8882135090282 635.57908120746
7191952213 1284.4386334152161 682.6256546714528
5356791600 1278.4728872559087 687.0734517370669
5356470560 1224.5620907306113 667.9034463831171
42438784 56.91052219997139 511.6968134332872
42436935 12.158999635085843 436.66247693367745
5416901181 -304.01712182676357 729.6722281346557
5416905054 -267.430582391596 791.9747455332146
5416905055 -272.8991830579192 782.2451894518877
5481850672 -184.3651503834328 1548.0668882384389
5481850671 -199.43961354771267 1518.8226225304863
5481850674 -190.2719131995299 1551.3471385740722
5481850673 -205.7171289508574 1522.1473508372974
5481850676 -158.6146979367727 909.4299465480728
5481850675 -122.6348445487831 975.1127897166248
5837182318 -470.09742863215473 2845.1557075472947
5481852077 -466.4404599280021 2797.3418890899693
11153328262 -497.12866273302893 2765.2955112310115
5481845978 -475.54075071139465 2753.108547270566
5481856930 -309.9070322515234 2641.224212080914
11153328250 -285.7407044987408 2684.167692751179
5481856936 -296.89698690571583 2643.5370665552864
5481856935 -277.2723783522561 2632.3508569344854
5481859182 -280.0951537336296 2508.457469667518
5481859789 -84.35463987789024 2031.0642911043783
5481859786 -60.163033535285436 2060.9423678937105
5481863550 -452.7057618023017 1946.7229392440984
5481863549 -533.5382520540303 1992.2127837350472
5481863552 -542.7059523969461 1975.5224252450153
5481863551 -461.5111357545886 1930.4884799546865
5481863554 -524.5559280055718 2008.558437951613
5481863558 -563.2068852384575 1938.2054078631393
5481897719 327.53463254975554 981.0617182921007
5481897718 315.13127325890633 958.8227329632408
5481897722 795.896264699598 1361.9599395136877
5481897720 789.87153515907 1391.893613766202
5481897724 401.8031167844597 1671.4265398575958
5481897723 364.694153254063 1601.6739623736985
9971314381 971.6414171116373 1809.8975820081519
9558740370 665.1132895755092 1027.4744806739236
593915303 -861.6964227020649 2830.3334238253888
10125260560 1304.0716680943444 1866.3734852511827
9971314378 1243.7738156580256 1659.6287581410031
6905716423 -512.2452568643467 2635.864616616431
5633188740 1305.0912377056784 605.4563755798112
5684427051 1330.2939873692765 609.3037200416384
3874681615 -1288.7022881562614 2342.6880730259068
7640856876 1347.2053610120847 1458.8663180838928
1293174689 1270.7039353340788 1282.277655079745
11191334803 -108.57152480428768 2366.205800011111
5772387834 -676.8172746586861 1802.51423887879
5772387839 -667.6664267096943 1808.796752234147
3639381189 1379.5703765353078 2671.4914711133097
42437283 593.010337544859 576.9904743587757
42437289 982.7302899356209 358.603638428755
5481845975 -500.2126501647767 2755.1434144282384
5481845976 -484.3124198809853 2783.0422215238705
5846916771 735.9438861220922 2297.264945491724
5846916773 740.0811479468284 2305.404414121624
5846916769 591.114443632409 2388.233514979248
5846916772 586.4294791189673 2380.2608387388937
5846916770 761.2393239994333 2283.109831329582
5846916776 765.2501928967012 2291.4049728570235
5846916774 738.5054494515575 2314.322247238441
5846916775 734.873759336488 2308.295482214194
42436756 1399.1949850071587 1116.8863211884031
11778771889 1222.8010159446164 1215.1047998941256
5481863555 -443.6897329711519 1963.346580778154
5481863557 -550.9889022457262 1960.4443931919993
5481863556 -469.99631429014346 1914.8544732682715
42455897 1246.6471482025543 841.4787268755364
42438174 566.164479743722 847.0607121927476
42434360 529.1060733966891 782.5120572757928
11337295604 1377.2194680916598 2316.979805985489
42432444 1337.2793031390709 2242.690475494413
42439842 -156.88732792594138 1712.6687381500692
9680380723 256.5270858399222 1483.1957680336068
42430271 -33.55310917890165 1368.6093961265199
11766549310 35.575396021339586 1494.1484683080962
6223969256 407.02735778985925 1921.3593764771463
6223969262 414.4002785628943 1933.9132836950664
42446293 1361.024321038071 1049.0240574574318
6069788567 -483.6888814395991 1894.061021985301
6069788569 -505.6391198531178 1851.3955286317362
6069996236 -641.8991218959867 1890.9142055616203
5852207686 -685.9259916305075 1818.670861720221
6069996234 -683.423411666845 1814.912473199959
6069996233 -674.2894161085653 1819.8606474357903
42439070 -185.5026867324429 453.4973888276663
6166333219 1408.0846208751743 1808.3519725279018
6166426235 1360.4344873787343 1792.5400539591467
6166333223 1349.5309908710603 1776.5279845224622
8307463659 -918.3625851385661 952.8849238805593
6223524384 134.11132237541574 2373.0331685070732
6223524382 120.78950780650786 2380.4498701140287
6321287405 488.26430541634903 1802.4919998939915
6231398227 495.30860457812827 1814.879114722366
8261122305 -911.0739263281351 2587.5615404824725
8261122509 -734.3176304552318 2653.666924372471
6350462397 668.3068175436996 2166.3885168304632
2709702236 663.9757532287548 2157.137098933765
6350462399 631.1641492555736 2096.202279132325
2709702549 635.3603944479155 2104.964439352391
6370527986 1000.290480636351 1533.76722067155
6371048752 993.4989673430449 1521.5468982335105
11355997382 352.2739415721932 1945.1773297638488
11355997384 346.7463575401977 1905.024841752585
11141800809 -739.6851167737473 2664.842014500478
6656308649 -811.4088899892095 2436.7033835035418
9497340689 -770.2385004321269 2413.841706585306
2823833594 -741.8000917597327 2398.2632973628624
42437693 -723.0012503514489 2387.644181868255
8261122134 -874.192470122931 2653.13318872466
8261122511 -782.1952713654424 2680.665052562028
11165901278 -920.9157222716069 2407.692627141901
5545401594 -524.5896327854398 2186.6482324656226
42428253 385.852329327087 2232.8274855011337
42430857 -261.67549108844 316.32732731825337
6819525294 1391.190099628075 2589.674244088915
42449938 1357.0471569333276 1962.1123170921974
4816137911 -948.0649230653878 897.4542529483502
9530100567 -43.16739787185557 2561.708720037307
7111566463 62.04207506108849 787.3823950628536
7111566465 71.42043028757075 759.9061286886682
7137281963 1459.172641970459 722.867098623492
9968663365 1281.0513029682566 821.2078917483726
7167585630 -227.39772912921816 2201.4260382163507
7167585627 -250.2917014116656 2214.0911403614246
7167585626 -245.55617972474795 2192.1968593052407
9469803474 -226.98484556514725 2151.677428035712
4443775464 -244.05631698456193 2120.7207604579644
9567470137 -56.37967190325012 2015.3635674619868
8262309024 -169.85524229673624 2255.021992858816
9492618960 -678.5530708624684 2467.8602019492187
9492618961 -626.1505631315448 2562.965222708853
9625590216 1261.4182682876783 2195.966367318297
3639382767 1156.4784339512141 2254.2436283726893
3639382768 1150.3357376892893 2249.762472828692
7206761675 1348.031128135702 1145.730285160498
7206761676 1362.6337243095797 1171.6053445904613
3934635613 1125.849214588498 1726.4902675323299
3934635614 1132.6238754869469 1738.1434958441753
7362999643 962.2377833187212 870.3338103396353
11355997388 305.4074440301248 1611.9817320740137
11355997389 300.41913648903056 1570.439307479251
11355997385 329.36311690229695 1778.751883055269
11355997386 324.18100687196943 1738.8440238823214
10943102727 319.6561400654528 1448.0136932437629
10177726960 274.1715385299496 1285.4911884601922
449581965 291.3441242892565 1269.423521559536
7396482976 -421.1412346972955 2488.2644709891247
7396482978 -411.1477672264254 2507.1231305479914
427841062 -595.2348530672393 2406.2137346176282
12068953116 233.59098258187822 1004.434891873348
8569045585 210.368388686461 895.5194612250376
593915274 -706.7808246610579 2845.366977908018
3270031030 -591.7127034872371 2867.183422515431
42434270 -314.33921091073546 1426.5641918938243
7956044489 -376.68462897995494 1313.2009641798995
42430269 -75.15323474915718 1293.2748333246218
42449890 521.0843355977312 446.67002033170405
7631032409 1033.5149681266203 1230.0938760055765
7631032411 1046.238522805709 1252.7220435774998
7648640949 -166.6869929119232 2719.5721573945407
7648640950 -151.12381042750494 2745.8586380531565
7653745283 -104.93140849013956 1963.5244926604942
7653745266 -108.82431066003532 1956.274583443085
5696984871 1339.1246398750607 1483.3180824535552
42444928 -677.3228463684685 1910.1398083787522
42430594 -1151.9282885710538 2176.7518839939594
4597668028 389.4503146643358 860.2261915080395
4597668030 696.8547667595726 1416.9235917540625
42446270 837.3025877176372 1338.9870676682983
7956044494 -448.3157141198979 1183.5699186973895
42429661 -460.26405886935936 1162.4206436497395
7956044496 -520.334404225605 1052.993716338417
7956044491 -717.6927473976716 694.4234363880453
7956044492 -780.1308535513133 555.6188094576078
7956044493 -830.6627459295646 442.0776698605529
42453986 1094.798685462122 2108.722827872653
42446945 1223.4414067758892 2037.035458665443
9648120126 1334.9620994757563 1974.4883124277771
42440330 926.9994351764244 735.7323516364954
561042202 1192.1043870308395 2305.4266531072126
8130211161 69.07794802962093 2036.9465027238784
8130211162 64.21603341480946 2028.251059460579
42428223 307.2696331638041 1633.0642901656875
8307463668 -925.6596701446284 939.9974318827572
8392896508 726.9362834936807 587.4539169558419
8392896513 695.5992636804551 604.878161960823
8397237737 38.02741881724087 1604.4760745254937
8397237738 33.24133995924004 1595.8362287245866
8431296948 -884.5735425571283 1077.5677951272378
8431296950 -903.4482197108376 1044.6874553181817
8536656981 1304.8468780467442 2739.1313449915538
8567304865 -74.22635328006498 2104.7642884844618
8567304864 -69.59194593459972 2113.9489894251838
8567327076 233.83534224173187 1954.3620307045708
8567327073 229.74021138811236 1947.2566748926988
9032581895 195.9006115758479 823.4206707883852
12106485659 201.9506197096934 856.8792242156395
8585752282 -911.7480219402061 2402.6554969652952
8585752283 -907.636038704508 2409.8609282115262
8585752285 -874.5463703189325 2472.1968040884685
8585752286 -879.6020874143649 2463.0677006109286
6407817394 218.28901214877365 2032.0872844296118
8614943065 222.8223051517278 2040.5714573321875
8620532517 -470.2575263404391 1886.977905158228
8620532518 -453.26189068398264 1916.3444852853386
7167585628 -258.3808487766523 2199.1243032347725
8660001943 -281.6287212560286 2155.4024580783816
3834923371 1383.2357714199934 1853.2747228926576
2142756710 612.5506841342815 701.4287167663477
9971263898 -938.037750829841 1872.7227155625167
8815548638 925.322622340409 1380.3293413951317
8815548639 908.8999679785047 1351.0405977167916
42439181 1053.6788531250286 489.4244696260442
8871600818 1254.9469504178844 2199.546843956219
8871600819 1259.8004388205513 2208.4757965658305
8871600821 1181.2598738786296 2150.298610945008
8871600820 1185.6499215490287 2158.404721097315
8913108828 -918.5563876276445 1473.0659102164223
8959187724 182.1996182257285 1760.816141387276
42427805 -44.19539368301739 1920.2919051807353
11778771890 -498.85603274298023 2172.5264767818635
8959187725 260.79916679229984 1900.6660006285358
6347916314 1034.534537739427 1718.5064717991816
8996587919 1044.7976434352167 1712.6242601796819
8996587953 1073.3455926083475 1832.7036614632045
8996587931 1081.0218563912695 1847.381391780363
7369969937 311.61754987153245 1650.8554784289333
8392896514 681.8729917576711 612.5172534220858
8392896515 696.4671617822961 637.4582754683812
9076023712 1363.2151317742714 2049.1223471915296
9076023711 1368.3214060272678 2056.7836776375907
9119739666 -220.19333225720501 1597.2039263224958
42427426 -232.5461343791008 1574.8426265744772
9140654137 1245.189416441892 2401.0209315434804
9141016318 1116.9090215345311 453.13044556940173
42430639 -763.9694112314902 2875.7676708523663
9165725162 1144.3784177189955 1259.104632367217
9165725163 1130.8290959202905 1233.029422069324
9409760260 -481.12731810831616 2825.1962182144234
9409760273 -471.4540460540377 2812.0418583927158
9409760264 -458.08167432079887 2838.3505780361306
9409760261 -469.2885138960639 2818.202057328125
9409760276 -468.4037634031635 2817.690560665904
9409760275 -460.769630579426 2813.1093296883373
9409760278 -465.1343996777096 2823.7506841677437
9409760277 -457.52554543912356 2819.136094712584
9409760280 -461.91559312264087 2829.7107322360134
9409760279 -454.3151650798699 2825.08502328806
9409760274 -463.7187988883373 2807.6496587902843
9409760263 -461.53641433979254 2806.404275611533
9409760265 -458.5956722255366 2811.786110060815
9409760267 -455.33473469588165 2817.7461581290854
9409760266 -465.9096096327379 2824.284419816344
9409760269 -452.08222336087346 2823.706206197356
358448163 -716.6984563687596 2398.9749448930133
9423683690 -871.9258236245482 2487.397150560643
11315890950 -868.7070170746647 2485.751465646824
9582526980 -63.72731409384837 1882.7413784533373
42430282 158.5557145716707 1716.3937681927382
9427432088 -70.74633467303157 1869.153358417389
3601295731 1073.4635593406429 525.8074496242517
9469550699 -465.07541631143596 2293.0284187860434
9143542442 -532.0552417051434 2173.0935709072673
9469550700 -614.6235281441778 2023.169451312795
9469550702 -730.5679736076494 1814.1229892210376
42427477 -714.6761695298788 1842.7890413100022
42427812 -280.60072544504783 2051.7243084746056
9469803475 -65.0755053217321 2445.054122494955
9470088387 -174.809845057453 471.97798563547406
11355997387 315.68740213952395 1692.2978275893358
9470272145 1078.165376234713 534.1693081076692
9470272146 1187.6132250188573 735.7657101148786
9470272147 1235.0527036848437 820.4072882766568
9470272148 1272.3976005576692 888.0694011396994
1632878994 1369.779137785661 1064.4801522615069
5131026388 1391.3417711410968 1577.800411623024
9505880049 1364.2178489959635 1528.5744175974019
9583218041 560.9318125442957 594.848379577998
9647667077 783.5687411778302 1459.4334122100863
42453999 1430.7173810060617 1920.7255653949765
9821598084 380.8303170055462 2597.5690838804985
427842142 -216.03921803723162 2835.281598061221
3019042134 290.61947150441716 1285.3243960698567
8482948064 914.2337495136679 1476.790940259091
42442895 1121.6698217937108 1091.5561168990441
9673654626 1255.098621931031 2531.4748194825047
9673654627 1268.5636817681045 2524.0136399051626
9673654628 1337.1192054313594 2485.0731765942664
9673654629 1348.7894856986197 2478.5460343998025
9821598083 410.9876695193195 2580.934322854439
9832349992 1353.187959560598 619.7894016242934
42428206 277.4409022564619 1291.6958653667791
9913605327 1128.8068090849385 593.547398936065
4763900915 304.8428889536305 1180.2674293761675
42437914 -991.2660256256273 1901.5110820706393
10026259307 -358.8126690232689 2014.1515427616187
42435633 -319.54659952634825 1982.9280073599655
7037071175 -392.9219070731301 2667.221585930826
5889481218 -330.04563871014994 2731.9815112085043
427842069 -304.3457434380973 2753.586685455194
4785165294 -269.46129542718074 2707.5186273468375
4207683793 1416.6119303506557 561.45654310672
10089242335 -383.1727992615445 2581.401341546273
10089242337 -390.76480110949154 2569.181019108234
42452353 1166.4044918344873 2897.4395620550326
10169019489 159.6511199437494 1446.4569642707193
10169019490 175.27328579317003 1474.9673434621418
10177726902 299.75346707049084 1102.9869553581618
10177726903 292.30471053926027 1089.8659540140477
10239803710 942.5794700199999 1100.5517864646317
10239803711 960.527265701945 1132.1311456317549
10268944141 413.83572348650114 2666.865762165356
10268944142 409.1928899481034 2658.5817401299196
4785165291 -245.9269323118594 2707.507507854043
11191334802 -30.283745451829045 2507.24544496715
10585863294 -162.650845424354 2835.815333709031
10703807883 1188.792892338715 2146.106562210505
42445653 1132.0424680226888 2177.7415188408104
10703807884 1023.8079913096975 2237.8534961849455
6339939226 -919.8371692920944 2599.303724735883
6656258478 -780.6617038461029 2687.981678735413
6656315591 -882.5512557194872 2665.675976449787
11140783103 864.0726097382853 1966.960415893669
11142777748 -306.17422778950254 2798.23144850325
5481856939 -275.15740336398915 2636.231559874696
5481856938 -294.99266679745625 2646.906272832485
5481856937 -301.1606416632027 2648.062700069671
5481856934 -304.8850199293811 2650.16428418332
5837182316 -510.16398665803996 2772.4008670436738
11153346568 -709.1907164784492 2379.9606124366046
9531564558 -946.9105343293091 2421.981175215996
11327620169 -783.6530031292314 2421.2028107290794
11327602968 -788.1357389547373 2413.1078200695665
42428232 342.7017838576056 1884.0534785872746
42428220 295.59092665623535 1549.4123468507594
11509763382 1223.4414067758892 2591.6090358122287
11509763383 1219.312571154744 2583.98106384455
11509842327 -495.88158584789664 2300.200491554682
11509842328 -469.1789733581862 2285.578358700706
3839146838 1261.5109564347306 1631.696592567778
11637804056 -43.33592177489286 1015.87684982447
11637804057 -58.90753045478848 986.0877289767026
11649717721 -905.5631946955223 2298.0210709922626
11649717718 -901.2405565801149 2305.7713573798887
11649717715 -939.1247300051238 2237.842376692941
11649717719 -934.9958943781935 2245.2368393143074
11766549306 -274.87933892306654 931.1907936923042
11766549307 -194.055274832473 1077.4454807080797
42430263 -184.81173872740675 1094.146958690116
11766549308 -122.52530401085419 1207.43234995527
42430274 44.549293880832565 1510.4607640470688
5956060028 466.9460316392597 902.2022763162527
42429390 -956.8365922226196 975.1572676878023
8307463666 -930.3951918228985 917.5916541635614
42428174 190.465715690163 800.8925786500312
1043
42427786 42427797
42429373 11728146526
6211332483 42429388
42429874 42429876
11062719791 42430824
42431491 42431490
42432436 42432451
9753722444 9753722445
42433625 9664959634
42434072 42434074
42434352 42434354
427841071 42434465
42434800 42430279
358447541 42434821
42436575 4597668029
4597668019 42437021
42437280 42434357
42437529 42437530
9971314382 42430304
42437530 42438173
42438684 42438672
42438849 246539423
246539423 42439170
42427369 42428183
42438173 42438849
42439272 42430259
42437654 4461990857
42437890 8836214006
42434268 42428198
42440710 9907956916
6213204061 42432205
4207937591 42430314
42445365 4207937589
42437686 42445404
42431490 42430255
42445867 42445879
42438544 42445888
3799572065 42435642
42446701 6224277869
42428170 9510853474
42446925 42440325
42437881 42428201
11062719791 42436407
42443680 42445899
42446291 42429910
42430813 42436400
42430643 4207921706
42443556 42443807
42446488 42445914
42453187 42442913
4597668039 42428192
3008856931 42428212
9907978318 5416901182
42454378 42435610
42454428 42430338
42446932 42434800
4597668023 3670742444
42449333 42438785
427840998 7502121831
42456543 42453310
7372860100 42453624
11817409610 42445916
42442906 42449926
42436404 42433272
42452973 42445908
42430329 42428283
3786901738 3786901743
42445917 42454428
42455887 42442881
42439952 9665062199
42446889 42434355
7372860099 7372860102
4205565500 42428493
42434285 42434279
42427390 42427386
42434821 42430600
42436943 42429373
1701844618 427841071
358448394 427841073
387184869 6331080435
390519635 8699785164
42439170 42439178
42427374 42427369
4205565498 42431452
9470120002 8264701247
42437881 8265964352
42428287 42428283
4207913305 42437688
9584459602 9584459603
9971300879 427840967
427840979 427840973
427841043 427841050
427842125 427841043
427841034 427842140
427842141 11142777751
11144690835 427841052
427845226 427845228
427841050 593976795
42434427 9971314388
42445649 42428272
427840967 427840965
3786901738 595142429
561042196 561042199
561042197 561042199
3842775636 3786902260
10792226610 42434465
427841073 11509842343
42428227 42437686
42449926 42446933
42440323 387184869
42428216 7369969947
593886214 4215926836
593886220 593886214
42449685 42446942
42426816 1701844605
42449932 593886220
42434948 42434946
427842134 42430646
42435646 42439955
42430633 9971314389
427840998 42451695
42451674 42430292
427845228 427840984
593976795 9423683656
427841023 427841034
42423685 8835121396
42434429 1533280147
561042188 42446701
595142429 561042196
42443807 42443811
42430314 42428264
42430311 42452973
11355997383 7369969942
4320028826 42454742
42429378 42432214
42433278 42433272
42422830 42429918
427841052 427841057
42430292 9051115967
4207683795 9832349990
42431452 4597668019
42430607 6656308648
42434268 8265964369
42429874 7372860100
42435422 42435420
42453005 8122411159
42434951 561042197
561042190 561042188
561042195 561042191
42430633 42430629
42427381 42427374
42439178 6804917583
42442910 42442906
42435654 42435657
42430333 42430342
42435632 9469803473
42429388 42432214
9971300853 42434427
11144700326 427842070
42443674 42443676
42430265 5849918502
5849918502 42434271
42443674 8913108827
42442889 8119192797
1729087000 1729086998
42430818 42433264
42437363 42439972
42430333 10598594003
42428287 42437363
42429663 42429657
42429918 9470272149
42451787 4207683794
42435596 9097308661
4015192893 9971262455
42430629 593915295
42430629 593909446
10279559005 42435654
42437663 4207913306
42445899 4597668020
42445909 42445914
42439440 42435422
42435644 42437654
42439972 42435660
42437644 42443680
42439972 5475605304
42430828 42432208
42432194 42457721
42436582 42436586
42436586 42436590
42456555 4597668042
42429876 42436746
42429888 42436748
5244228885 9907978323
9907978327 9907978333
42430265 11766549309
42439823 7956044490
427840984 427840979
42436586 4115878744
2703104396 2307164599
2307164599 42434810
42442898 4207683798
42436754 9510729384
1692450029 390519635
42436746 9566279635
42436753 42436751
42445413 9549750338
42445404 42445409
42442902 42445417
42445409 42445413
42445661 11809757094
42445651 10703807885
561042199 42453005
42445914 561042198
42446949 42442935
42430288 42428227
42435420 42430288
42430324 42446488
42430338 9647769356
427845226 427845236
2779131560 2779131559
9971314390 42437670
2779131561 2779131562
2779131562 3270031028
4604283240 427840984
427841057 7502121832
3430331122 42436598
42436590 3430331121
4207683796 42442889
42430255 42439826
42449341 42435599
42430257 42449333
42444933 9469550701
42444954 4557517549
3601295727 3601295754
3639381190 100521835
7502121831 4604283240
3793071955 3789563970
42437287 4205565497
3832902959 3832902958
42429900 5278266721
1701844605 42449685
3841254274 3841254263
3841253772 3841253774
3841324403 3841324404
42442902 42436754
3847026390 3847026393
3847026392 3847026390
3847026391 3847026392
561042200 561042198
42435624 42437909
42437909 8913023103
3786901743 561042190
5607992553 42430324
42437654 42430304
42449308 42442910
561042199 100522479
4138911201 42449928
42427483 42434821
42427483 9913562560
42434821 9421123761
2302133933 42456555
4166338961 4166338962
6223969260 42443680
42445924 42445926
4202958491 42444043
42443950 42452973
42445909 42443950
42445899 42445365
42437663 42435644
42438547 42434807
42434807 2703104396
42436748 4597668043
42436748 42456568
9971262460 9971262462
42448693 42436578
4597668038 42428179
42437021 42437280
42432194 42432201
42449067 42430247
42428493 42440721
42442881 4205565499
42439178 4205565501
1692450029 4205565502
4205565502 42439178
4205565501 42442881
4205565499 42437287
42440721 4205565498
9418022243 42437890
42434807 9119739665
9754548550 42435629
4205565523 5849918502
4205565518 42435610
4205565514 42435603
4205565533 42435624
42435598 42435599
42435610 42427381
42435603 42429662
42435624 4205565537
4205565512 4597668041
4205565503 42456543
3786901729 4597668020
4597668035 3670742453
42435624 42437890
4205565526 9971262472
4207683794 42448707
42436590 4207683796
4207683799 42442898
5277845114 42436590
42436754 4207683799
4207683798 42429900
42429900 5277845114
4207683800 42442902
42448707 4207683795
4015192894 42448707
4207683805 42434962
42434962 42445382
4207913308 42444960
4491359481 9137045217
42444964 4207913308
42444960 4207913307
4207913307 42437663
4207913309 4491359481
4207913306 42444954
42434465 4207913305
4207921706 42434429
4207915682 596775840
42428258 4207937590
561042190 42445365
4207937589 42437644
42443950 9551028264
4207952790 42445924
42444043 42434074
42428493 42428473
42445867 4205565512
42429890 42429896
3601295754 9913605332
5286408259 4298764910
42445916 11817409618
42445917 4202958491
42432436 42443950
9971262463 9971262464
42432693 42443556
42430298 4886228960
42431497 42429388
9417469211 42430329
42444954 427845235
42456568 42449308
42456568 42451674
42436746 42445899
9417458967 42430333
42431459 42431452
42421889 42430247
4491359481 9807801426
4492821528 42431497
4493840518 4493840519
4493840510 4493840514
4493840503 4493840505
4500012798 4500012797
42428198 42440323
5307048043 42440323
42440323 42448693
427845236 42446668
5849918502 42443674
42435610 42454381
42435603 42439286
42435598 387180916
42435596 42436439
42452973 42437644
42445908 5057315765
42445908 42445909
42446941 42449932
42445374 42446933
42446942 561042192
42446942 8842216739
42444043 42432693
42446949 42445656
8536656980 42434077
42434074 4207952790
42434072 42432693
4557517549 593973909
42446668 6636032331
42430295 42430298
42430295 4769084859
42430292 4443775465
42451674 42434800
42430342 9666047678
42443556 42454428
42439960 10308251046
42439955 42439952
42448693 4597668041
42437280 4205565503
4597668026 42437280
42429657 9625662426
4597668026 4597668036
42456555 42429888
4597668032 4597668042
4597668032 42429888
42429876 4597668032
4597668042 42445879
4597668036 42428170
4597668020 42449308
4597668036 595403438
4597668038 4597668026
4597668041 4597668038
4597668042 4597668029
4597668043 4597668032
4597668044 4597668043
4597668020 4597668044
4599496700 3799564971
3799564975 4599496701
42429662 4205565518
42435599 4205565514
42427381 4205565523
42434271 4205565533
42432214 42435596
9971262471 9971262468
427841050 427841052
427841034 427842125
42432208 42439073
4711654710 4711654705
4711654711 4711654714
42432211 42435581
42435578 42432208
42430824 42432201
42432199 42430813
42430259 42435603
42431452 4597668035
42433604 42445910
42428212 42439840
4960503202 42430295
4207913309 9807801426
42430277 8959187723
9971262458 5266429277
42448701 42436586
42431844 8307463669
449581627 42428212
4461990857 42439440
42430298 4461990857
42430253 42430255
10584037999 42430253
4886228960 42430304
4886239171 42430308
42430304 4886239171
4886239172 42430308
42434946 4886239172
42437670 42433644
42435599 42439830
4115878744 4138911201
42439830 42430257
42439830 7956044495
42439826 42435598
42430247 42430828
42430247 42429374
4900161556 42430629
427841071 427841073
11509842344 61274119
42428264 42439960
42435654 9583416934
9509518365 42435657
42428179 42454378
42456543 4597668038
2703228467 2703228521
2703228521 42427821
42443810 42444043
10125247902 42445917
3639382769 42443807
42445916 8937823540
42445914 42445916
42437358 42430333
42454428 42437358
42437358 42432436
42435650 10308291149
42442891 9968663366
4207683795 5007848095
42446941 42434954
42434962 42434954
5057315765 42446941
42432201 42430828
685164633 3360772998
3360772998 685164636
42436578 42436582
4597668029 4597668041
9971262467 4763900906
5227014111 5227014112
42442913 3786901738
42443671 42430265
42434954 8842019586
42445378 42445374
42445365 42434948
2779131559 42434427
42435645 42444960
42434429 427842070
42433620 42433611
42428268 42433604
42435657 42435660
42439964 42435654
42435657 42439968
42428277 42430324
5254361544 5254361545
5254378181 5254378183
7372860102 449581964
42442881 42449893
42449893 42434358
5277924518 5277924517
5278159383 5278159382
5278263670 5278263671
5278266721 5278266420
5282642709 5282642710
5340982006 5340982007
42445382 9971314375
42445378 42449932
5356470555 7191952213
7191952213 5356791600
5356791600 5356470560
42438784 42436935
5416901181 5416901182
5416905054 5416905055
5475605304 42439968
42439968 42428277
42433611 42439960
5481850672 5481850671
5481850674 5481850673
5481850676 5481850675
5837182318 5481852077
11153328262 5481845978
5481856930 11153328250
5481856936 5481856935
5481859182 4207913307
5481859789 5481859786
5481863550 5481863549
5481863552 5481863551
5481863554 5481863558
5481897719 5481897718
5481897722 5481897720
5481897724 5481897723
42445374 9971314381
561042188 3786901729
9558740370 42446925
593915303 42430633
42430308 5607992553
42449932 10125260560
9971314378 42445378
42434800 42429874
42449928 42445378
42443680 42451674
42446668 42437670
42437670 6905716423
427840973 427840967
5633188740 5684427051
3874681615 42435632
42429896 42429900
7640856876 1293174689
42435642 42444954
42435642 11191334803
5772387834 5772387839
3639381189 3639381190
42432208 42429378
42434355 42434357
42434355 4597668036
42437283 42437289
42434357 42434358
5481845975 5481845976
5846916771 5846916773
5846916769 5846916772
5846916770 5846916776
5846916774 5846916775
5278266721 42429918
42436756 11778771889
5481863555 5481863554
5481863557 5481863556
5481863556 5481863555
42455897 42442891
42440325 42438174
42434358 42434360
11337295604 42432444
42435629 42435632
42435632 42439842
42430277 9680380723
42430271 11766549310
6223969256 6223969262
42446293 42446291
42431497 42429378
6069788567 6069788569
6069996236 5852207686
6069996234 6069996233
42439073 42439070
6166333219 6166426235
6166426235 6166333223
6166333223 42434962
42451787 1692450029
6211332483 8307463659
6223524384 6223524382
6321287405 6231398227
42438784 42428493
42438785 42431491
42445879 42429876
42432444 42446949
8261122305 8261122509
6350462397 2709702236
6350462399 2709702549
6370527986 6371048752
6224277869 42430298
11355997382 11355997384
42428268 42428264
42428264 42428258
11141800809 4900161556
6636032331 3270031028
6656308648 6656308649
6656308649 9497340689
2823833594 42437693
8261122134 8261122511
42427821 11165901278
5545401594 2703228467
4207937590 42428253
42457721 42430857
6819525294 42443810
42449938 42445661
42449685 42449938
4816137911 42431844
427842070 9530100567
7111566463 7111566465
7137281963 9968663365
593973909 427840998
4443775465 7167585630
7167585627 4557517549
7167585630 7167585627
7167585626 7167585627
7167585630 7167585626
9469803474 4443775465
4443775464 9567470137
4443775465 8262309024
9492618960 9492618961
42453005 9625590216
3639382767 561042199
3639382767 3639382768
561042198 3639382767
561042198 3639382768
3639382768 561042195
7206761675 7206761676
3934635613 3934635614
4207683796 7362999643
11355997388 11355997389
5481897723 42438544
11355997385 11355997386
7369969947 10943102727
7372860100 7372860099
10177726960 42437881
449581965 42428201
7396482976 7396482978
7502121832 427841062
42428192 42443671
12068953116 8569045585
42428283 42439972
42428283 42428277
3270031028 593915274
3270031028 3270031030
42434271 42434270
42434270 7956044489
42434270 42430269
42434354 42434355
42434354 42449890
42437283 42448701
7631032409 7631032411
7648640949 7648640950
7653745283 7653745266
5696984871 7640856876
42430269 42434268
42444928 42430594
42435629 42444928
4597668028 42438849
42428183 4597668028
42445888 4597668030
42446270 42442898
7956044495 42439823
7956044494 42429661
7956044490 42439073
42429661 7956044496
42439073 7956044491
7956044492 42430818
42430818 7956044493
7956044491 42430828
7956044489 42427374
7956044496 42439830
42430824 7956044492
42427374 7956044494
42445910 42453986
42446945 9648120126
8119192797 42440330
42440330 1692450029
42429890 2302133933
561042197 42453005
100522479 561042202
100522479 3639382767
8130211161 8130211162
8265964369 42427369
8265964352 42434268
42427369 42440710
42428223 5481897723
8307463659 8307463668
8307463668 8307463669
42453624 10177726960
42453624 3008856931
8392896508 8392896513
8397237737 8397237738
8431296948 8431296950
8536656980 8536656981
8567304865 8567304864
8567327076 8567327073
595403438 4597668035
9032581895 12106485659
3670742453 4205565500
3670742444 42434354
8569045585 42428179
8585752282 8585752283
8585752285 8585752286
6407817394 8614943065
8620532517 8620532518
7167585628 8660001943
3834923371 1701844605
246539423 2142756710
8699785164 42437530
42437909 9971263898
8815548638 8815548639
42455887 42439181
8835121396 42434429
8836214006 42434270
8842019586 42445374
8842216739 42446941
42434358 42456543
8871600818 8871600819
8871600821 8871600820
42428272 42428268
8913023103 42434279
42434279 42434271
42434279 42443674
8913108827 42427386
42427386 42427381
42427386 8913108828
8913108828 42429663
42428258 42430311
8937823540 42445917
8959187723 42430279
42430279 42434807
42430279 8959187724
8959187724 42427797
42427805 11778771890
42427797 8959187725
8959187725 42430292
8264701247 42428192
6347916314 8996587919
8996587953 8996587931
7369969937 11355997388
42428227 11355997385
8392896514 8392896515
9051115967 42430295
9076023712 9076023711
9097308661 42435598
9119739665 42439842
42439842 42430277
42439842 42439840
9119739666 42427426
9137045217 42444964
100521835 9140654137
561042202 9140654137
9141016318 42439181
42430639 42430633
42437688 5545401594
42434954 42434951
3786901743 42434951
42434951 561042191
561042191 561042190
9165725162 9165725163
42433272 42430824
42439840 42435629
42439840 9119739666
9409760260 9409760273
9409760264 9409760261
9409760276 9409760275
9409760278 9409760277
9409760280 9409760279
9409760273 9409760274
9409760274 9409760263
9409760275 9409760265
9409760261 9409760276
9409760277 9409760267
9409760266 9409760278
9409760279 9409760269
42430329 9417458967
42430324 9417469211
42427426 9418022243
358448163 42451695
9421123761 358448163
9423683690 11315890950
42435420 42427805
42427797 42427805
42427805 9582526980
42438547 42430282
9427432088 42438547
427845235 427845226
42439181 3601295731
4557517549 9469550699
9469550699 42437688
9143542442 42438672
5545401594 9143542442
42438672 9469550700
9469550700 42444933
9469550702 42437909
9469550701 42427477
42427477 9469550702
42427812 4443775464
9469803473 42427812
42435644 9469803475
9469803475 42435645
42440710 9470088387
9470088387 42439070
11355997387 7369969937
9470272145 42451787
9470272146 42436598
42448707 9470272146
42436598 9470272147
9470272147 42455897
42455897 9470272148
9470272148 42429918
9470272149 42446293
42446293 1632878994
42451695 9492618960
9492618961 42446668
9497340689 2823833594
5131026388 9505880049
9505880049 42442913
42453310 5307048043
9510729384 42436753
9510853474 42439272
9530100567 42435646
9549750338 42442902
9551028264 4207937591
42449308 3786901738
9140654137 3842775636
2302133933 42436582
42436582 9558740370
4443775464 9469803474
9566279635 42427786
9567470137 42435420
9582526980 9427432088
42434357 9583218041
9583218041 42437283
42449890 42437283
42437688 9584459602
9584459603 4443775464
9625590216 42446949
9625662426 4597668026
9647667077 42436748
42446945 42446942
42453986 42446945
42449938 42453999
9648120126 42449938
9821598084 42439964
42439968 42439964
42433611 42428268
42439964 42433611
42436578 42456555
4597668029 42436578
6804917583 42439181
427842142 42433625
42433625 4207913309
9664959634 42433620
42430308 42428253
42428253 42439952
42439952 42437654
9665062199 42435645
3019042134 449581965
42436751 9647667077
8482948064 42436751
4597668030 42446270
42436751 42446270
42442895 42446932
42446270 42446932
42446932 42429890
42429888 42429890
9666047678 42443556
3601295731 9470272145
9673654626 9673654627
9673654628 9673654629
9680380723 42428216
42442913 42442910
42442906 4207683800
42432693 9753722444
4205565537 9754548550
42428272 9821598083
9821598083 9821598084
9832349990 9832349992
4769084859 6223969260
9907956916 42438784
42440710 9907978318
5416901182 42430253
9907978323 42430253
42439823 5244228885
42439823 9907978327
9907978333 42435596
9913562560 42428206
3601295731 9913605327
9913605327 3601295727
42439440 4960503202
9968663365 42455897
9968663366 4138911201
9971262455 4015192894
42442889 4015192893
42442889 9971262458
5266429277 42448701
42448701 9971262460
9971262462 42446925
42446925 9971262463
9971262464 42448693
42428201 4763900915
9971262468 42437881
42430271 9971262471
9971262472 42430271
42437890 4205565526
9971263898 42437914
42438672 10026259307
42435633 42438547
9971314375 5131026388
42445382 9971314378
9971314381 3786901743
42437644 9971314382
9971314388 42437663
6905716423 2779131560
9971314389 9971314390
9971300853 7037071175
1533280147 9971300853
42444960 2779131561
5889481218 427842069
4785165294 427842069
427842069 9971300879
4763900915 9971262467
9832349990 4207683793
4763900906 42445867
10026259307 42435633
10089242335 10089242337
42443811 42452353
42434074 8536656980
42434077 4207915682
3639382769 10125247902
10125260560 42449685
10169019489 10169019490
10177726902 10177726903
10239803710 10239803711
10268944141 10268944142
9807801426 427842141
9807801426 4785165291
4597668043 42436746
42435645 11191334802
42435646 42435650
42435650 42433620
42433620 10279559005
10308251046 42435650
10308291149 4491359481
42446933 42456568
42446933 8482948064
42429374 10584037999
10585863294 42433625
42439955 42428258
42439960 42439955
10598594003 42428287
42445656 10703807883
10703807883 42445653
42445653 561042195
561042195 10703807884
10703807884 42445651
10703807885 42445649
8262309024 42435642
10943102727 42429874
6339939226 8261122305
8261122509 6636032331
8261122511 6656258478
6656315591 8261122134
561042191 11140783103
42434948 42445908
11140783103 42434948
6636032331 11141800809
11142777748 427842134
11142777751 11142777748
427842070 5889481218
4785165291 4785165294
42434429 11144690835
7037071175 11144700326
9423683656 427845236
5481856939 5481856938
5481856938 5481856937
5481856937 5481856934
5481856937 5481856936
5837182316 11153328262
42437693 11153346568
11165901278 9531564558
11191334802 42435646
11191334803 42435644
561042192 42445909
11327620169 11327602968
6223969260 11355997382
42428232 11355997383
11355997384 42428232
11355997386 11355997387
11355997389 42428220
449581964 3019042134
42430282 42428223
11509763382 11509763383
11509842327 11509842328
11153346568 10792226610
11509842343 427840998
427841062 11509842344
61274119 427841071
42445382 3839146838
11637804056 11637804057
11649717721 11649717718
11649717715 11649717719
11649717719 11649717721
11728146526 42429378
42430255 11766549306
11766549306 42430259
42430259 11766549307
11766549307 42430263
42430263 11766549308
11766549308 42430265
11766549309 42430271
42430274 42430277
11766549310 42430274
42445656 42446945
11778771889 42436754
11778771890 5545401594
42438173 5956060028
5956060028 4597668039
11809757094 42445656
11337295604 11817409610
11817409618 42437358
42430828 11062719791
7369969942 42428227
8307463659 42429390
8307463668 8307463666
8307463669 6211332483
42428201 9470120002
42428192 12068953116
12106485659 42428179
42428174 9032581895
